112,512
109,512
110,512
119,512
109,512
121,512
116,512
115,512
116,512
107,512
106,512
116,512
114,512
119,512
106,512
117,512
118,512
111,512
116,512
119,512
120,512
114,512
115,512
117,512
110,512
116,512
113,512
115,512
111,512
117,512
116,512
107,512
110,512
107,512
117,512
121,512
105,512
106,512
121,512
110,512
119,512
120,512
115,512
106,512
112,512
119,512
118,512
109,512
114,512
114,512
118,512
114,512
120,512
113,512
107,512
114,512
113,512
105,512
106,512
115,512
118,512
114,512
115,512
112,512
111,512
113,512
115,512
119,512
115,512
119,512
117,512
113,512
107,512
116,512
108,512
111,512
114,512
119,512
120,512
111,512
118,512
119,512
112,512
112,512
117,512
107,512
120,512
119,512
118,512
106,512
113,512
113,512
115,512
113,512
117,512
109,512
120,512
106,512
121,512
113,512
120,512
109,512
116,512
112,512
118,512
114,512
114,512
116,512
111,512
117,512
114,512
110,512
113,512
110,512
105,512
120,512
116,512
107,512
108,512
108,512
116,512
107,512
114,512
106,512
114,512
113,512
113,512
114,512
119,512
120,512
117,512
117,512
113,512
116,512
110,512
113,512
116,512
109,512
112,512
119,512
115,512
115,512
121,512
120,512
114,512
111,512
116,512
112,512
110,512
119,512
109,512
108,512
120,512
117,512
115,512
121,512
116,512
115,512
114,512
113,512
115,512
113,512
115,512
109,512
117,512
116,512
108,512
112,512
109,512
109,512
107,512
107,512
109,512
115,512
122,512
119,512
106,512
109,512
120,512
106,512
120,512
116,512
107,512
111,512
114,512
113,512
109,512
118,512
117,512
107,512
114,512
113,512
110,512
110,512
113,512
113,512
112,512
106,512
119,512
110,512
110,512
120,512
118,512
115,512
112,512
116,512
114,512
118,512
121,512
122,512
115,512
115,512
111,512
112,512
109,512
111,512
110,512
115,512
110,512
113,512
115,512
121,512
99,512
106,512
114,512
118,512
110,512
120,512
115,512
119,512
112,512
106,512
107,512
124,512
120,512
108,512
120,512
113,512
110,512
116,512
112,512
107,512
118,512
111,512
115,512
111,512
117,512
107,512
121,512
113,512
120,512
120,512
110,512
118,512
109,512
119,512
112,512
108,512
112,512
111,512
108,512
119,512
114,512
125,512
121,512
108,512
119,512
109,512
112,512
119,512
107,512
113,512
117,512
109,512
118,512
116,512
117,512
113,512
112,512
112,512
120,512
107,512
111,512
117,512
117,512
118,512
112,512
116,512
109,512
108,512
120,512
112,512
113,512
115,512
119,512
109,512
113,512
117,512
120,512
118,512
115,512
119,512
103,512
109,512
113,512
121,512
108,512
115,512
108,512
118,512
108,512
110,512
119,512
114,512
121,512
114,512
121,512
110,512
109,512
109,512
111,512
112,512
114,512
122,512
120,512
121,512
118,512
118,512
121,512
121,512
118,512
111,512
112,512
122,512
121,512
110,512
118,512
115,512
120,512
108,512
110,512
108,512
118,512
118,512
110,512
115,512
110,512
110,512
114,512
119,512
110,512
108,512
110,512
121,512
112,512
115,512
108,512
114,512
121,512
115,512
121,512
122,512
117,512
119,512
123,512
108,512
108,512
121,512
122,512
108,512
116,512
108,512
117,512
112,512
111,512
106,512
121,512
108,512
120,512
113,512
114,512
114,512
111,512
117,512
108,512
110,512
118,512
116,512
121,512
116,512
117,512
106,512
112,512
112,512
119,512
109,512
114,512
121,512
112,512
120,512
119,512
108,512
123,512
111,512
120,512
112,512
115,512
113,512
120,512
114,512
119,512
121,512
124,512
118,512
118,512
122,512
113,512
116,512
113,512
116,512
114,512
121,512
109,512
117,512
114,512
113,512
108,512
122,512
115,512
122,512
122,512
109,512
112,512
116,512
106,512
119,512
114,512
106,512
108,512
117,512
114,512
116,512
120,512
121,512
120,512
111,512
117,512
116,512
109,512
107,512
114,512
122,512
119,512
110,512
119,512
112,512
108,512
116,512
109,512
123,512
123,512
116,512
111,512
113,512
113,512
122,512
122,512
118,512
116,512
119,512
119,512
116,512
120,512
123,512
115,512
108,512
121,512
113,512
114,512
113,512
122,512
110,512
111,512
114,512
111,512
121,512
120,512
115,512
119,512
122,512
115,512
110,512
120,512
110,512
114,512
113,512
120,512
120,512
123,512
122,512
114,512
