96,0,500,10
198,0,500,10
399,0,500,10
383,0,500,10
469,0,500,10
529,0,500,10
518,0,500,10
495,0,500,10
609,0,500,10
742,0,500,10
822,0,500,10
779,0,500,10
795,0,500,10
1064,0,500,10
1103,0,500,10
1157,0,500,10
1290,0,500,10
1266,0,500,10
1256,0,500,10
1510,0,500,10
1478,0,500,10
1373,0,500,10
1377,0,500,10
1379,0,500,10
1501,0,500,10
1493,0,500,10
1498,0,500,10
1573,0,500,10
1534,0,500,10
1435,0,500,10
1717,0,500,10
1645,0,500,10
1510,0,500,10
1581,0,500,10
1603,0,500,10
1704,0,500,10
1758,0,500,10
2071,0,500,10
2289,0,500,10
2303,0,500,10
2416,0,500,10
2369,0,500,10
2478,0,500,10
2671,0,500,10
3163,0,500,10
2956,0,500,10
2908,0,500,10
3814,0,500,10
3957,0,500,10
4084,0,500,10
4699,0,500,10
4843,0,500,10
4801,0,500,10
4905,0,500,10
4988,0,500,10
5188,0,500,10
5209,0,500,10
5676,0,500,10
5699,0,500,10
5834,0,500,10
5708,0,500,10
6265,0,500,10
6287,0,500,10
6379,0,500,10
5889,0,500,10
6332,0,500,10
6543,0,500,10
6786,0,500,10
6850,0,500,10
6879,0,500,10
7036,0,500,10
7168,0,500,10
7368,0,500,10
7836,0,500,10
7797,0,500,10
8146,0,500,10
8245,0,500,10
8283,0,500,10
8773,0,500,10
9196,0,500,10
9175,0,500,10
9317,0,500,10
8877,0,500,10
9004,0,500,10
9072,0,500,10
9482,0,500,10
9243,0,500,10
9262,0,500,10
9993,0,500,10
9808,0,500,10
9813,0,500,10
9786,0,500,10
9886,0,500,10
9932,0,500,10
9880,0,500,10
9691,0,500,10
10009,0,500,10
11153,1,500,10
9725,0,500,10
9826,0,500,10
9833,0,500,10
10684,0,500,10
11032,0,500,10
11247,0,500,10
10535,0,500,10
11097,0,500,10
11555,0,500,10
11708,0,500,10
11090,0,500,10
11756,0,500,10
11179,0,500,10
11912,0,500,10
11238,0,500,10
12096,0,500,10
12006,0,500,10
12212,0,500,10
11377,0,500,10
11377,0,500,10
10933,0,500,10
11243,0,500,10
12950,0,500,10
12850,0,500,10
13059,0,500,10
13117,0,500,10
13140,0,500,10
13351,0,500,10
12436,0,500,10
11895,0,500,10
14906,1,500,10
14857,1,500,10
15217,1,500,10
15221,1,500,10
12179,0,500,10
14137,0,500,10
12223,0,500,10
13239,0,500,10
14219,0,500,10
14620,0,500,10
13555,0,500,10
14758,0,500,10
14329,0,500,10
14747,0,500,10
13938,0,500,10
14520,0,500,10
14518,0,500,10
14505,0,500,10
15748,0,500,10
15560,0,500,10
15528,0,500,10
16282,0,500,10
16329,0,500,10
15807,0,500,10
16238,0,500,10
16410,0,500,10
16178,0,500,10
15858,0,500,10
14232,0,500,10
17941,1,500,10
14308,0,500,10
14449,0,500,10
16806,0,500,10
16082,0,500,10
16064,0,500,10
14966,0,500,10
17125,0,500,10
17475,0,500,10
16178,0,500,10
17093,0,500,10
17511,0,500,10
17228,0,500,10
17751,0,500,10
17393,0,500,10
17738,0,500,10
15173,0,500,10
15175,0,500,10
18489,0,500,10
18631,0,500,10
18379,0,500,10
18730,0,500,10
18722,0,500,10
18930,0,500,10
17634,0,500,10
18832,0,500,10
19328,0,500,10
18936,0,500,10
18827,0,500,10
19962,0,500,10
20316,0,500,10
20099,0,500,10
20271,0,500,10
18916,0,500,10
19027,0,500,10
20293,0,500,10
20279,0,500,10
20663,0,500,10
20642,0,500,10
20615,0,500,10
20506,0,500,10
17854,0,500,10
17633,0,500,10
20982,0,500,10
20376,0,500,10
17738,0,500,10
19898,0,500,10
17653,0,500,10
20596,0,500,10
21752,0,500,10
17976,0,500,10
17898,0,500,10
23954,1,500,10
20488,0,500,10
21611,0,500,10
22300,0,500,10
22311,0,500,10
20838,0,500,10
20935,0,500,10
21924,0,500,10
21038,0,500,10
18452,0,500,10
21027,0,500,10
21010,0,500,10
18453,0,500,10
22277,0,500,10
22728,0,500,10
18661,0,500,10
22478,0,500,10
21160,0,500,10
22984,0,500,10
21683,0,500,10
23550,0,500,10
19536,0,500,10
25988,1,500,10
23797,0,500,10
22713,0,500,10
22709,0,500,10
20110,0,500,10
24330,0,500,10
24446,0,500,10
23861,0,500,10
20241,0,500,10
22846,0,500,10
22839,0,500,10
22834,0,500,10
22860,0,500,10
22906,0,500,10
22858,0,500,10
24780,0,500,10
24295,0,500,10
25433,0,500,10
25562,0,500,10
24044,0,500,10
25525,0,500,10
24217,0,500,10
26192,0,500,10
24300,0,500,10
24284,0,500,10
25601,0,500,10
26521,0,500,10
26167,0,500,10
26126,0,500,10
26156,0,500,10
26237,0,500,10
27505,0,500,10
26017,0,500,10
27861,0,500,10
27850,0,500,10
28488,0,500,10
28760,0,500,10
26885,0,500,10
28891,0,500,10
29135,0,500,10
28887,0,500,10
28510,0,500,10
28397,0,500,10
28321,0,500,10
28296,0,500,10
28288,0,500,10
31424,1,500,10
32056,1,500,10
29519,0,500,10
29517,0,500,10
31924,1,500,10
29677,0,500,10
27680,0,500,10
29500,0,500,10
32345,1,500,10
29918,0,500,10
30171,0,500,10
27711,0,500,10
30061,0,500,10
33233,0,500,10
30303,0,500,10
30404,0,500,10
30792,0,500,10
28189,0,500,10
33182,1,500,10
29042,0,500,10
34059,1,500,10
29609,0,500,10
32364,0,500,10
33774,0,500,10
35923,1,500,10
33595,0,500,10
32962,0,500,10
33971,0,500,10
33986,0,500,10
31328,0,500,10
33652,0,500,10
31458,0,500,10
33650,0,500,10
35036,0,500,10
34795,0,500,10
35308,0,500,10
32054,0,500,10
34753,0,500,10
35164,0,500,10
35132,0,500,10
35585,0,500,10
35579,0,500,10
35846,0,500,10
34719,0,500,10
35494,0,500,10
33723,0,500,10
36080,0,500,10
36777,0,500,10
36789,0,500,10
36928,0,500,10
36782,0,500,10
35672,0,500,10
35662,0,500,10
37078,0,500,10
37652,0,500,10
35646,0,500,10
36961,0,500,10
37035,0,500,10
37266,0,500,10
34669,0,500,10
37671,0,500,10
35733,0,500,10
41513,1,500,10
37329,0,500,10
37987,0,500,10
37721,0,500,10
38775,0,500,10
38221,0,500,10
38870,0,500,10
36825,0,500,10
42026,1,500,10
41846,1,500,10
41836,1,500,10
36953,0,500,10
38593,0,500,10
37958,0,500,10
39366,0,500,10
39852,0,500,10
40391,0,500,10
40070,0,500,10
40153,0,500,10
39717,0,500,10
39952,0,500,10
38901,0,500,10
39086,0,500,10
39312,0,500,10
45340,1,500,10
40701,0,500,10
40725,0,500,10
41467,0,500,10
40899,0,500,10
40561,0,500,10
43359,0,500,10
43156,0,500,10
42932,0,500,10
48484,1,500,10
42346,0,500,10
43617,0,500,10
48681,1,500,10
44221,0,500,10
44034,0,500,10
44203,0,500,10
44299,0,500,10
44894,0,500,10
45045,0,500,10
45245,0,500,10
45890,0,500,10
46016,0,500,10
45584,0,500,10
45571,0,500,10
45675,0,500,10
46571,0,500,10
52379,0,500,10
52195,0,500,10
52142,0,500,10
47049,0,500,10
47540,0,500,10
48132,0,500,10
55080,1,500,10
55484,1,500,10
55461,1,500,10
56341,0,500,10
56528,0,500,10
57117,0,500,10
57055,0,500,10
57000,0,500,10
56513,0,500,10
56385,0,500,10
57094,0,500,10
57208,0,500,10
57201,0,500,10
56571,0,500,10
56234,0,500,10
56205,0,500,10
57300,0,500,10
57246,0,500,10
56227,0,500,10
57193,0,500,10
56273,0,500,10
56188,0,500,10
56317,0,500,10
56287,0,500,10
56234,0,500,10
57108,0,500,10
56004,0,500,10
53771,2,500,10
58993,0,500,10
58988,0,500,10
57866,0,500,10
58086,0,500,10
60480,0,500,10
60427,0,500,10
60403,0,500,10
60459,0,500,10
60406,0,500,10
59077,0,500,10
59105,0,500,10
59101,0,500,10
59646,0,500,10
59015,0,500,10
58973,0,500,10
59462,0,500,10
59358,0,500,10
58988,0,500,10
59054,0,500,10
59349,0,500,10
60646,0,500,10
60773,0,500,10
58920,0,500,10
58756,0,500,10
58593,0,500,10
59625,0,500,10
59428,0,500,10
59368,0,500,10
58775,0,500,10
58693,0,500,10
59368,0,500,10
61022,0,500,10
58970,0,500,10
58403,0,500,10
58343,0,500,10
58869,0,500,10
58658,0,500,10
58171,0,500,10
61803,0,500,10
61625,0,500,10
61573,0,500,10
62436,0,500,10
62460,0,500,10
62469,0,500,10
62389,0,500,10
62383,0,500,10
62562,0,500,10
62554,0,500,10
62538,0,500,10
61536,1,500,10
65596,1,500,10
70955,0,500,10
70939,0,500,10
71046,0,500,10
71045,0,500,10
71012,0,500,10
71889,0,500,10
71779,0,500,10
71773,0,500,10
77408,0,500,10
77436,0,500,10
77413,0,500,10
77384,0,500,10
77399,0,500,10
77310,0,500,10
77311,0,500,10
77406,0,500,10
77422,0,500,10
77394,0,500,10
77623,0,500,10
77461,0,500,10
77347,0,500,10
77421,0,500,10
80271,0,500,10
80201,0,500,10
80198,0,500,10
79368,0,500,10