71,0,500,10
93,0,500,10
250,0,500,10
302,0,500,10
459,0,500,10
468,0,500,10
559,0,500,10
497,0,500,10
484,0,500,10
514,0,500,10
576,0,500,10
571,0,500,10
593,0,500,10
607,0,500,10
814,0,500,10
908,0,500,10
1028,0,500,10
1026,0,500,10
1043,0,500,10
1091,0,500,10
1084,0,500,10
1161,0,500,10
1286,0,500,10
1214,0,500,10
1389,0,500,10
1484,0,500,10
1354,0,500,10
1393,0,500,10
1484,0,500,10
1552,0,500,10
1666,0,500,10
1724,0,500,10
1707,0,500,10
1749,0,500,10
1818,0,500,10
1805,0,500,10
1847,0,500,10
2126,0,500,10
2235,0,500,10
2232,0,500,10
2206,0,500,10
2177,0,500,10
2377,0,500,10
2354,0,500,10
2439,0,500,10
2766,0,500,10
3044,0,500,10
3211,0,500,10
3239,0,500,10
3265,0,500,10
3336,0,500,10
3678,0,500,10
3522,0,500,10
3872,0,500,10
4044,0,500,10
3900,0,500,10
4079,0,500,10
3873,0,500,10
3894,0,500,10
4214,0,500,10
4027,0,500,10
3943,0,500,10
4317,0,500,10
4018,0,500,10
4312,0,500,10
4117,0,500,10
4308,0,500,10
4113,0,500,10
4159,0,500,10
4482,0,500,10
4667,0,500,10
4648,0,500,10
4890,0,500,10
4646,0,500,10
5036,0,500,10
5208,0,500,10
5203,0,500,10
5007,0,500,10
4960,0,500,10
5557,0,500,10
5759,0,500,10
5622,0,500,10
5706,0,500,10
5646,0,500,10
6235,0,500,10
5737,0,500,10
5792,0,500,10
5955,0,500,10
6301,0,500,10
5950,0,500,10
6111,0,500,10
6340,0,500,10
6693,0,500,10
6471,0,500,10
6888,0,500,10
6429,0,500,10
6283,0,500,10
6658,0,500,10
6604,0,500,10
6347,0,500,10
7109,0,500,10
6379,0,500,10
7196,0,500,10
6633,0,500,10
7333,0,500,10
7385,0,500,10
7452,0,500,10
7767,0,500,10
7354,0,500,10
7306,0,500,10
7741,0,500,10
7784,0,500,10
7804,0,500,10
7861,0,500,10
7017,0,500,10
7900,0,500,10
7679,0,500,10
7954,0,500,10
7153,0,500,10
8076,0,500,10
8512,0,500,10
8509,0,500,10
8649,0,500,10
8590,0,500,10
8620,0,500,10
8772,0,500,10
8510,0,500,10
8751,0,500,10
8795,0,500,10
8801,0,500,10
8794,0,500,10
8768,0,500,10
8877,0,500,10
8868,0,500,10
8582,0,500,10
9435,0,500,10
9645,0,500,10
8446,0,500,10
9479,0,500,10
8582,0,500,10
9239,0,500,10
9267,0,500,10
8652,0,500,10
9791,0,500,10
9344,0,500,10
8175,0,500,10
9548,0,500,10
9924,0,500,10
10182,0,500,10
10273,0,500,10
8386,0,500,10
9612,0,500,10
9424,0,500,10
8887,0,500,10
9403,0,500,10
10366,0,500,10
10375,0,500,10
8910,0,500,10
8441,0,500,10
9544,0,500,10
9706,0,500,10
10874,0,500,10
10459,0,500,10
10714,0,500,10
9487,0,500,10
9805,0,500,10
10483,0,500,10
10577,0,500,10
11414,0,500,10
11126,0,500,10
9993,0,500,10
11442,0,500,10
11466,0,500,10
9682,0,500,10
9660,0,500,10
10927,0,500,10
11781,0,500,10
9257,0,500,10
10129,0,500,10
11843,0,500,10
9301,0,500,10
10284,0,500,10
10739,0,500,10
11388,0,500,10
12354,0,500,10
10796,0,500,10
10809,0,500,10
9175,0,500,10
10375,0,500,10
11539,0,500,10
12289,0,500,10
12305,0,500,10
10544,0,500,10
12051,0,500,10
11197,0,500,10
11233,0,500,10
11259,0,500,10
11677,0,500,10
11317,0,500,10
13112,0,500,10
11377,0,500,10
13149,0,500,10
10350,0,500,10
10980,0,500,10
10425,0,500,10
9920,0,500,10
9919,0,500,10
12020,0,500,10
12452,0,500,10
12476,0,500,10
12034,0,500,10
10096,0,500,10
13712,0,500,10
12684,0,500,10
11019,0,500,10
12210,0,500,10
13795,0,500,10
10347,0,500,10
12267,0,500,10
13300,0,500,10
12247,0,500,10
13984,0,500,10
14500,0,500,10
12667,0,500,10
12234,0,500,10
14775,0,500,10
10605,0,500,10
14649,0,500,10
14680,0,500,10
14694,0,500,10
14762,0,500,10
14829,0,500,10
14953,0,500,10
14968,0,500,10
10920,0,500,10
12607,0,500,10
10930,0,500,10
14012,0,500,10
10894,0,500,10
15405,0,500,10
15428,0,500,10
15072,0,500,10
15479,0,500,10
10986,0,500,10
10865,0,500,10
14842,0,500,10
14857,0,500,10
14981,0,500,10
13725,0,500,10
15157,0,500,10
16109,0,500,10
16108,0,500,10
14875,0,500,10
15020,0,500,10
14871,0,500,10
14867,0,500,10
15237,0,500,10
13613,0,500,10
15405,0,500,10
15454,0,500,10
16589,0,500,10
15423,0,500,10
15997,0,500,10
15595,0,500,10
16143,0,500,10
15811,0,500,10
14258,0,500,10
16929,0,500,10
15737,0,500,10
15735,0,500,10
15896,0,500,10
17225,0,500,10
17017,0,500,10
16882,0,500,10
16087,0,500,10
14497,0,500,10
14489,0,500,10
17011,0,500,10
15136,0,500,10
15178,0,500,10
16857,0,500,10
16421,0,500,10
14906,0,500,10
17362,0,500,10
16326,0,500,10
16274,0,500,10
17506,0,500,10
16444,0,500,10
15027,0,500,10
15582,0,500,10
16522,0,500,10
18170,0,500,10
17582,0,500,10
15133,0,500,10
16777,0,500,10
15220,0,500,10
15233,0,500,10
15931,0,500,10
16231,0,500,10
16146,0,500,10
17215,0,500,10
18419,0,500,10
15908,0,500,10
19202,0,500,10
17075,0,500,10
16531,0,500,10
19113,0,500,10
17983,0,500,10
16868,0,500,10
17960,0,500,10
19413,0,500,10
18573,0,500,10
19727,0,500,10
20276,0,500,10
19612,0,500,10
16689,0,500,10
16523,0,500,10
20259,0,500,10
19739,0,500,10
16522,0,500,10
18607,0,500,10
19917,0,500,10
20466,0,500,10
20013,0,500,10
17733,0,500,10
20990,0,500,10
19490,0,500,10
21279,0,500,10
20829,0,500,10
18411,0,500,10
18417,0,500,10
17595,0,500,10
22110,0,500,10
21831,0,500,10
21820,0,500,10
21258,0,500,10
21386,0,500,10
21983,0,500,10
17807,0,500,10
20528,0,500,10
22287,0,500,10
20710,0,500,10
20713,0,500,10
18215,0,500,10
20800,0,500,10
21941,0,500,10
19332,0,500,10
22651,0,500,10
21211,0,500,10
21151,0,500,10
18573,0,500,10
18479,0,500,10
23090,0,500,10
19990,0,500,10
21586,0,500,10
19818,0,500,10
21667,0,500,10
21566,0,500,10
20887,0,500,10
20423,0,500,10
20347,0,500,10
19725,0,500,10
19478,0,500,10
19270,0,500,10
19424,0,500,10
19260,0,500,10
22012,0,500,10
20410,0,500,10
22699,0,500,10
24330,0,500,10
22733,0,500,10
23823,0,500,10
22891,0,500,10
22991,0,500,10
23977,0,500,10
21153,0,500,10
24190,0,500,10
25221,0,500,10
26619,0,500,10
26630,0,500,10
27211,0,500,10
27282,0,500,10
27215,0,500,10
27211,0,500,10
27189,0,500,10
27196,0,500,10
26251,0,500,10
26147,0,500,10
25626,0,500,10
26002,0,500,10
24870,0,500,10
24662,0,500,10
27492,0,500,10
27937,0,500,10
27936,0,500,10
27568,0,500,10
27731,0,500,10
28010,0,500,10
27574,0,500,10
27710,0,500,10
27711,0,500,10
28155,0,500,10
26385,0,500,10
28103,0,500,10
28098,0,500,10
28339,0,500,10
28706,0,500,10
28653,0,500,10
28248,0,500,10
29213,0,500,10
28355,0,500,10
28831,0,500,10
29945,0,500,10
29959,0,500,10
29128,0,500,10
27913,0,500,10
29603,0,500,10
29285,0,500,10
27859,0,500,10
27887,0,500,10
29932,0,500,10
29595,0,500,10
28029,0,500,10
28004,0,500,10
30198,0,500,10
30241,0,500,10
33223,0,500,10
30618,0,500,10
33650,0,500,10
33142,0,500,10
31380,0,500,10
33383,0,500,10
31325,0,500,10
34356,0,500,10
31519,0,500,10
34482,0,500,10
35459,0,500,10
34916,0,500,10
34892,0,500,10
34392,0,500,10
34355,0,500,10
35586,0,500,10
35546,0,500,10
33357,0,500,10
33656,0,500,10
36376,0,500,10
35532,0,500,10
35437,0,500,10
35504,0,500,10
35837,0,500,10
35813,0,500,10
36970,0,500,10
37583,0,500,10
36047,0,500,10
37675,0,500,10
37687,0,500,10
36012,0,500,10
38168,0,500,10
36940,0,500,10
37972,0,500,10
37958,0,500,10
37952,0,500,10
36833,0,500,10
36649,0,500,10
38700,0,500,10
36953,0,500,10
38451,0,500,10
38589,0,500,10
38667,0,500,10
38529,0,500,10
38678,0,500,10
38938,0,500,10
39004,0,500,10
39941,0,500,10
41540,0,500,10
42074,0,500,10
42122,0,500,10
42129,0,500,10
42906,0,500,10
43156,0,500,10
52330,0,500,10
52031,0,500,10
51965,0,500,10
51830,0,500,10
50508,0,500,10
50497,0,500,10
50487,0,500,10
64545,1,500,10
64670,1,500,10
64820,1,500,10
66716,1,500,10
67203,1,500,10
68858,1,500,10
70086,0,500,10
72041,0,500,10
71806,0,500,10
71560,0,500,10
71653,0,500,10
71584,0,500,10
71550,0,500,10