221,0,500,10
436,0,500,10
568,0,500,10
767,0,500,10
776,0,500,10
794,0,500,10
817,0,500,10
893,0,500,10
905,0,500,10
897,0,500,10
931,0,500,10
1004,0,500,10
978,0,500,10
1051,0,500,10
1070,0,500,10
1085,0,500,10
1307,0,500,10
1309,0,500,10
1288,0,500,10
1520,0,500,10
1475,0,500,10
1578,0,500,10
1524,0,500,10
1492,0,500,10
1687,0,500,10
1637,0,500,10
1580,0,500,10
1756,0,500,10
1731,0,500,10
1719,0,500,10
2248,0,500,10
2225,0,500,10
2332,0,500,10
2355,0,500,10
2557,0,500,10
2606,0,500,10
2709,0,500,10
2839,0,500,10
2753,0,500,10
2752,0,500,10
3198,0,500,10
3549,0,500,10
3545,0,500,10
4100,0,500,10
4837,0,500,10
4954,0,500,10
4888,0,500,10
5039,0,500,10
4942,0,500,10
4934,0,500,10
5101,0,500,10
5310,0,500,10
5244,0,500,10
5298,0,500,10
5240,0,500,10
5213,0,500,10
5206,0,500,10
5378,0,500,10
5872,0,500,10
5937,0,500,10
6158,0,500,10
6188,0,500,10
6112,0,500,10
6558,0,500,10
6885,0,500,10
7218,0,500,10
6537,0,500,10
7257,0,500,10
7412,0,500,10
7747,0,500,10
8095,0,500,10
8958,0,500,10
7729,0,500,10
7760,0,500,10
9482,0,500,10
8068,0,500,10
8021,0,500,10
7992,0,500,10
9930,0,500,10
9731,0,500,10
8298,0,500,10
9704,0,500,10
10974,0,500,10
10975,0,500,10
10958,0,500,10
10026,0,500,10
9901,0,500,10
12117,0,500,10
9788,0,500,10
12343,0,500,10
12135,0,500,10
9985,0,500,10
11981,0,500,10
11771,0,500,10
12027,0,500,10
12439,0,500,10
12483,0,500,10
10324,0,500,10
10317,0,500,10
10324,0,500,10
13241,0,500,10
10410,0,500,10
14157,1,500,10
12382,0,500,10
10625,0,500,10
13337,0,500,10
12736,0,500,10
13418,0,500,10
12836,0,500,10
14909,1,500,10
13871,0,500,10
13798,0,500,10
11169,0,500,10
11260,0,500,10
11384,0,500,10
14272,0,500,10
11542,0,500,10
11539,0,500,10
14303,0,500,10
13970,0,500,10
11669,0,500,10
14882,0,500,10
14382,0,500,10
14190,0,500,10
14841,0,500,10
15459,0,500,10
14762,0,500,10
15233,0,500,10
14610,0,500,10
15449,0,500,10
15219,0,500,10
15574,0,500,10
12133,0,500,10
15008,0,500,10
16866,0,500,10
15721,0,500,10
15655,0,500,10
15655,0,500,10
15445,0,500,10
15985,0,500,10
15859,0,500,10
16054,0,500,10
15556,0,500,10
16787,0,500,10
12744,0,500,10
12757,0,500,10
17063,0,500,10
13058,0,500,10
16655,0,500,10
16721,0,500,10
17351,0,500,10
16766,0,500,10
17349,0,500,10
18174,0,500,10
18170,0,500,10
17208,0,500,10
13615,0,500,10
18039,0,500,10
17413,0,500,10
17794,0,500,10
18073,0,500,10
18472,0,500,10
19046,0,500,10
18943,0,500,10
18000,0,500,10
18336,0,500,10
18390,0,500,10
18698,0,500,10
18690,0,500,10
18662,0,500,10
18578,0,500,10
18517,0,500,10
18620,0,500,10
18938,0,500,10
18931,0,500,10
14744,0,500,10
18926,0,500,10
19366,0,500,10
14899,0,500,10
19836,0,500,10
20333,0,500,10
15503,0,500,10
20328,0,500,10
20340,0,500,10
22458,1,500,10
20369,0,500,10
20692,0,500,10
20222,0,500,10
19787,0,500,10
15639,0,500,10
20494,0,500,10
22791,1,500,10
20756,0,500,10
20033,0,500,10
21027,0,500,10
20826,0,500,10
21031,0,500,10
16247,0,500,10
21864,0,500,10
21710,0,500,10
16465,0,500,10
22317,0,500,10
22106,0,500,10
22282,0,500,10
21615,0,500,10
23032,0,500,10
23271,0,500,10
22196,0,500,10
23594,0,500,10
17690,0,500,10
22291,0,500,10
22974,0,500,10
23215,0,500,10
26731,1,500,10
23264,0,500,10
27264,1,500,10
27273,1,500,10
25085,0,500,10
25039,0,500,10
24304,0,500,10
25486,0,500,10
25047,0,500,10
26983,0,500,10
26105,0,500,10
26291,0,500,10
26923,0,500,10
29276,1,500,10
26260,0,500,10
26578,0,500,10
25358,0,500,10
25403,0,500,10
27509,0,500,10
27375,0,500,10
27498,0,500,10
27579,0,500,10
27639,0,500,10
27690,0,500,10
28024,0,500,10
28247,0,500,10
28017,0,500,10
28292,0,500,10
28023,0,500,10
28832,0,500,10
28832,0,500,10
27600,0,500,10
28708,0,500,10
28874,0,500,10
28877,0,500,10
28978,0,500,10
28909,0,500,10
29001,0,500,10
29476,0,500,10
29187,0,500,10
28630,0,500,10
29580,0,500,10
29032,0,500,10
29060,0,500,10
29133,0,500,10
29783,0,500,10
29863,0,500,10
30453,0,500,10
29885,0,500,10
30367,0,500,10
31003,0,500,10
30794,0,500,10
29435,0,500,10
31532,0,500,10
31521,0,500,10
31410,0,500,10
31764,0,500,10
33913,0,500,10
33852,0,500,10
32745,0,500,10
33475,0,500,10
33076,0,500,10
32300,0,500,10
33398,0,500,10
33258,0,500,10
32208,0,500,10
33773,0,500,10
33366,0,500,10
37486,1,500,10
32590,0,500,10
33925,0,500,10
35264,0,500,10
35319,0,500,10
34436,0,500,10
35413,0,500,10
34567,0,500,10
35540,0,500,10
33248,0,500,10
34873,0,500,10
38681,1,500,10
34949,0,500,10
35042,0,500,10
35017,0,500,10
36029,0,500,10
34118,0,500,10
39664,1,500,10
36212,0,500,10
36412,0,500,10
36401,0,500,10
40453,1,500,10
35033,0,500,10
36371,0,500,10
40655,1,500,10
36660,0,500,10
37139,0,500,10
37858,0,500,10
37275,0,500,10
37800,0,500,10
37313,0,500,10
37770,0,500,10
36993,0,500,10
36969,0,500,10
37407,0,500,10
38767,0,500,10
39078,0,500,10
39090,0,500,10
39077,0,500,10
39144,0,500,10
38852,0,500,10
36788,0,500,10
38308,0,500,10
38167,0,500,10
40051,0,500,10
40235,0,500,10
37971,0,500,10
37956,0,500,10
37946,0,500,10
39077,0,500,10
37942,0,500,10
37959,0,500,10
37963,0,500,10
39873,0,500,10
45181,1,500,10
40973,0,500,10
40954,0,500,10
40923,0,500,10
40260,0,500,10
39970,0,500,10
39027,0,500,10
39014,0,500,10
39187,0,500,10
39197,0,500,10
40358,0,500,10
39227,0,500,10
39232,0,500,10
40599,0,500,10
40961,0,500,10
39522,0,500,10
46615,1,500,10
46666,1,500,10
46880,1,500,10
43999,0,500,10
40695,0,500,10
42998,0,500,10
42993,0,500,10
42422,0,500,10
40965,0,500,10
47183,1,500,10
43758,0,500,10
47377,1,500,10
41079,0,500,10
47417,1,500,10
41083,0,500,10
43023,0,500,10
43278,0,500,10
43014,0,500,10
43611,0,500,10
43673,0,500,10
43250,0,500,10
43716,0,500,10
43936,0,500,10
42854,0,500,10
43001,0,500,10
43991,0,500,10
44125,0,500,10
44276,0,500,10
45520,0,500,10
45537,0,500,10
45559,0,500,10
44076,0,500,10
43920,0,500,10
43643,0,500,10
43948,0,500,10
45794,0,500,10
45421,0,500,10
44804,0,500,10
45948,0,500,10
45983,0,500,10
51157,1,500,10
51030,1,500,10
46414,0,500,10
45255,0,500,10
46557,0,500,10
45615,0,500,10
45630,0,500,10
45882,0,500,10
52240,1,500,10
46033,0,500,10
46775,0,500,10
47886,0,500,10
46223,0,500,10
48315,0,500,10
46892,0,500,10
47554,0,500,10
47282,0,500,10
47261,0,500,10
53986,1,500,10
49904,0,500,10
48536,0,500,10
49741,0,500,10
54995,0,500,10
54855,0,500,10
55012,0,500,10
49044,0,500,10
55072,0,500,10
55026,0,500,10
49130,0,500,10
49660,0,500,10
51209,0,500,10
55792,0,500,10
55746,0,500,10
55852,0,500,10
55700,0,500,10
55894,0,500,10
55805,0,500,10
55797,0,500,10
52149,0,500,10
56638,1,500,10
56764,1,500,10
56834,1,500,10
57108,1,500,10
58619,1,500,10
58935,1,500,10
58653,0,500,10
59507,0,500,10
59485,0,500,10
59457,0,500,10
59280,0,500,10
55987,0,500,10
59553,0,500,10
56961,0,500,10
59832,0,500,10
59788,0,500,10
59913,0,500,10
59745,0,500,10
59733,0,500,10
59882,0,500,10
60401,0,500,10
64477,1,500,10
66091,1,500,10
66127,1,500,10
66298,1,500,10
66902,1,500,10
67501,1,500,10
69901,1,500,10
69923,1,500,10
70582,1,500,10
71689,1,500,10
71919,1,500,10
72042,1,500,10
72506,1,500,10
72674,1,500,10
73689,1,500,10
71485,0,500,10
71282,0,500,10
71111,0,500,10
70834,0,500,10
74751,1,500,10
75522,1,500,10
76156,0,500,10
76242,1,500,10
75866,0,500,10
75835,0,500,10
75782,0,500,10
75670,0,500,10
75530,0,500,10
75377,0,500,10
77143,1,500,10
77150,1,500,10
78293,0,500,10
77771,0,500,10
77706,0,500,10
79629,1,500,10
77685,0,500,10
77293,0,500,10
79896,1,500,10
79760,0,500,10
80918,1,500,10
82696,1,500,10
86598,1,500,10
87456,1,500,10
89606,1,500,10
92031,1,500,10
92111,1,500,10
92318,1,500,10
93694,1,500,10
94894,1,500,10