100,0,500,10
289,0,500,10
310,0,500,10
297,0,500,10
623,0,500,10
602,0,500,10
796,0,500,10
767,0,500,10
805,0,500,10
854,0,500,10
908,0,500,10
828,0,500,10
930,0,500,10
1016,0,500,10
995,0,500,10
1086,0,500,10
1144,0,500,10
1072,0,500,10
1270,0,500,10
1274,0,500,10
1400,0,500,10
1470,0,500,10
1535,0,500,10
1420,0,500,10
1566,0,500,10
1688,0,500,10
1646,0,500,10
1954,0,500,10
1736,0,500,10
1907,0,500,10
2159,0,500,10
2177,0,500,10
2148,0,500,10
2345,0,500,10
2284,0,500,10
2378,0,500,10
2401,0,500,10
2644,0,500,10
2704,0,500,10
2880,0,500,10
2898,0,500,10
2988,0,500,10
3038,0,500,10
2878,0,500,10
2849,0,500,10
3025,0,500,10
3114,0,500,10
2930,0,500,10
2899,0,500,10
3299,0,500,10
3348,0,500,10
4163,0,500,10
3276,0,500,10
4662,0,500,10
4554,0,500,10
4867,0,500,10
5336,0,500,10
5230,0,500,10
5227,0,500,10
5278,0,500,10
5823,0,500,10
5792,0,500,10
6177,0,500,10
6453,0,500,10
6037,0,500,10
6627,0,500,10
6075,0,500,10
6816,0,500,10
6272,0,500,10
6127,0,500,10
6311,0,500,10
6109,0,500,10
6669,0,500,10
6193,0,500,10
6632,0,500,10
6563,0,500,10
7444,0,500,10
7678,0,500,10
7517,0,500,10
7559,0,500,10
7770,0,500,10
7473,0,500,10
7493,0,500,10
7349,0,500,10
7020,0,500,10
7446,0,500,10
7444,0,500,10
8431,0,500,10
7590,0,500,10
8570,0,500,10
8809,0,500,10
8016,0,500,10
8277,0,500,10
8309,0,500,10
8548,0,500,10
8084,0,500,10
8230,0,500,10
8249,0,500,10
9265,0,500,10
9177,0,500,10
8267,0,500,10
9476,0,500,10
9798,0,500,10
9814,0,500,10
9684,0,500,10
9558,0,500,10
9050,0,500,10
10507,0,500,10
9245,0,500,10
9563,0,500,10
9264,0,500,10
9481,0,500,10
9350,0,500,10
10172,0,500,10
10407,0,500,10
9615,0,500,10
10734,0,500,10
9646,0,500,10
10737,0,500,10
9583,0,500,10
10880,0,500,10
10781,0,500,10
11267,0,500,10
9671,0,500,10
11087,0,500,10
11534,0,500,10
11971,1,500,10
11204,0,500,10
10931,0,500,10
11377,0,500,10
11379,0,500,10
10108,0,500,10
11415,0,500,10
10097,0,500,10
10185,0,500,10
10446,0,500,10
10590,0,500,10
11966,0,500,10
12007,0,500,10
11951,0,500,10
11843,0,500,10
11265,0,500,10
12316,0,500,10
12280,0,500,10
12289,0,500,10
11708,0,500,10
11057,0,500,10
11711,0,500,10
11751,0,500,10
11235,0,500,10
12049,0,500,10
12790,0,500,10
12418,0,500,10
11160,0,500,10
13784,0,500,10
12590,0,500,10
11880,0,500,10
12608,0,500,10
11406,0,500,10
12612,0,500,10
12654,0,500,10
12527,0,500,10
11545,0,500,10
11625,0,500,10
12126,0,500,10
11918,0,500,10
11920,0,500,10
14342,0,500,10
11993,0,500,10
12342,0,500,10
12230,0,500,10
14733,0,500,10
14631,0,500,10
12653,0,500,10
14013,0,500,10
13986,0,500,10
14081,0,500,10
14111,0,500,10
14015,0,500,10
15158,0,500,10
15308,0,500,10
15495,0,500,10
15894,0,500,10
15224,0,500,10
13709,0,500,10
16844,1,500,10
15940,0,500,10
14960,0,500,10
15433,0,500,10
14985,0,500,10
15159,0,500,10
15618,0,500,10
15123,0,500,10
15941,0,500,10
15766,0,500,10
16410,0,500,10
16451,0,500,10
16121,0,500,10
16116,0,500,10
17058,0,500,10
17264,0,500,10
14675,0,500,10
14686,0,500,10
14754,0,500,10
17892,0,500,10
16697,0,500,10
16791,0,500,10
17400,0,500,10
17242,0,500,10
17879,0,500,10
17876,0,500,10
15207,0,500,10
17988,0,500,10
15215,0,500,10
15284,0,500,10
15657,0,500,10
17808,0,500,10
19098,0,500,10
19322,0,500,10
19310,0,500,10
18102,0,500,10
18887,0,500,10
16154,0,500,10
20047,0,500,10
19062,0,500,10
19173,0,500,10
18350,0,500,10
18296,0,500,10
18229,0,500,10
17913,0,500,10
17757,0,500,10
17065,0,500,10
16355,0,500,10
19739,0,500,10
18678,0,500,10
18765,0,500,10
21072,0,500,10
20259,0,500,10
19127,0,500,10
18901,0,500,10
19508,0,500,10
20440,0,500,10
19541,0,500,10
20655,0,500,10
20771,0,500,10
20857,0,500,10
20895,0,500,10
19184,0,500,10
17615,0,500,10
17604,0,500,10
17572,0,500,10
21338,0,500,10
18003,0,500,10
17977,0,500,10
17991,0,500,10
20987,0,500,10
23425,1,500,10
18219,0,500,10
21791,0,500,10
23736,1,500,10
21227,0,500,10
20130,0,500,10
18546,0,500,10
22101,0,500,10
22598,0,500,10
22586,0,500,10
22402,0,500,10
20923,0,500,10
20416,0,500,10
21044,0,500,10
20638,0,500,10
21744,0,500,10
21736,0,500,10
21706,0,500,10
22915,0,500,10
23803,0,500,10
23361,0,500,10
19494,0,500,10
19645,0,500,10
19882,0,500,10
25833,1,500,10
24027,0,500,10
24541,0,500,10
24334,0,500,10
24506,0,500,10
22840,0,500,10
25199,0,500,10
23277,0,500,10
24665,0,500,10
25042,0,500,10
20863,0,500,10
23501,0,500,10
23529,0,500,10
25340,0,500,10
25212,0,500,10
24389,0,500,10
26217,0,500,10
25616,0,500,10
25413,0,500,10
25671,0,500,10
24686,0,500,10
26377,0,500,10
25015,0,500,10
24710,0,500,10
26485,0,500,10
25045,0,500,10
27234,0,500,10
27303,0,500,10
27295,0,500,10
25597,0,500,10
27579,0,500,10
29192,0,500,10
29151,0,500,10
28107,0,500,10
28029,0,500,10
26695,0,500,10
28217,0,500,10
29011,0,500,10
28970,0,500,10
29441,0,500,10
29197,0,500,10
29249,0,500,10
30407,0,500,10
29433,0,500,10
28364,0,500,10
30256,0,500,10
28923,0,500,10
28803,0,500,10
28722,0,500,10
28999,0,500,10
28699,0,500,10
30822,0,500,10
28949,0,500,10
31292,0,500,10
31330,0,500,10
33884,1,500,10
34409,1,500,10
31737,0,500,10
32191,0,500,10
32516,0,500,10
31242,0,500,10
31323,0,500,10
31302,0,500,10
33047,0,500,10
34092,0,500,10
33530,0,500,10
33458,0,500,10
34025,0,500,10
34101,0,500,10
33631,0,500,10
34189,0,500,10
35509,0,500,10
34913,0,500,10
34460,0,500,10
33015,0,500,10
32807,0,500,10
35162,0,500,10
35067,0,500,10
35614,0,500,10
35410,0,500,10
33434,0,500,10
35717,0,500,10
35726,0,500,10
35716,0,500,10
36318,0,500,10
35781,0,500,10
36308,0,500,10
33837,0,500,10
35439,0,500,10
36180,0,500,10
36160,0,500,10
36157,0,500,10
36220,0,500,10
36291,0,500,10
37903,0,500,10
37376,0,500,10
36584,0,500,10
37086,0,500,10
34801,0,500,10
35063,0,500,10
37189,0,500,10
37218,0,500,10
37201,0,500,10
37034,0,500,10
37025,0,500,10
38841,0,500,10
35140,0,500,10
35297,0,500,10
37282,0,500,10
38237,0,500,10
35233,0,500,10
38252,0,500,10
38292,0,500,10
38253,0,500,10
38193,0,500,10
38048,0,500,10
37381,0,500,10
38724,0,500,10
37673,0,500,10
38146,0,500,10
38980,0,500,10
40066,0,500,10
36575,0,500,10
39281,0,500,10
39176,0,500,10
39096,0,500,10
39085,0,500,10
40100,0,500,10
38794,0,500,10
39122,0,500,10
38860,0,500,10
38848,0,500,10
39130,0,500,10
39194,0,500,10
38553,0,500,10
41256,0,500,10
37859,0,500,10
41364,0,500,10
39015,0,500,10
39802,0,500,10
39583,0,500,10
39694,0,500,10
39242,0,500,10
40407,0,500,10
42408,0,500,10
42672,0,500,10
41880,0,500,10
40264,0,500,10
40505,0,500,10
42013,0,500,10
43748,0,500,10
41803,0,500,10
43778,0,500,10
42858,0,500,10
43499,0,500,10
42122,0,500,10
43894,0,500,10
43324,0,500,10
43524,0,500,10
43609,0,500,10
43836,0,500,10
45794,0,500,10
43730,0,500,10
44042,0,500,10
45838,0,500,10
43838,0,500,10
44356,0,500,10
44739,0,500,10
46459,0,500,10
44810,0,500,10
46510,0,500,10
46546,0,500,10
44471,0,500,10
46278,0,500,10
46473,0,500,10
48006,0,500,10
46673,0,500,10
47517,0,500,10
49989,0,500,10
50375,0,500,10
50397,0,500,10
51902,0,500,10
51142,0,500,10
51895,0,500,10
51924,0,500,10
51599,0,500,10
51322,0,500,10
51615,0,500,10
51780,0,500,10
52728,0,500,10
59037,0,500,10
59008,0,500,10
58761,0,500,10
58756,0,500,10
58896,0,500,10
58990,0,500,10
55855,0,500,10
60443,0,500,10
60394,0,500,10
60642,0,500,10
57096,0,500,10
61105,0,500,10
61702,0,500,10
58785,0,500,10
61884,0,500,10
61878,0,500,10
62491,0,500,10
62401,0,500,10
62536,0,500,10
62637,0,500,10
66095,1,500,10
68719,1,500,10
68007,0,500,10
70903,0,500,10
70710,0,500,10
70750,0,500,10
71081,0,500,10
71041,0,500,10
71188,0,500,10
71759,0,500,10