629,2,500,10
619,2,500,10
879,2,500,10
798,2,500,10
755,2,500,10
860,2,500,10
1256,2,500,10
1148,2,500,10
1110,2,500,10
931,2,500,10
916,2,500,10
1079,2,500,10
1029,2,500,10
963,2,500,10
918,2,500,10
1255,2,500,10
898,2,500,10
1815,2,500,10
1799,2,500,10
1287,2,500,10
622,2,500,10
1463,2,500,10
1720,2,500,10
1703,2,500,10
1883,2,500,10
1114,2,500,10
1401,2,500,10
1306,2,500,10
2222,2,500,10
2138,2,500,10
2042,2,500,10
1999,2,500,10
1964,2,500,10
1932,2,500,10
1750,2,500,10
1657,2,500,10
1363,2,500,10
1141,2,500,10
1045,2,500,10
964,2,500,10
2533,2,500,10
2419,2,500,10
2048,2,500,10
2428,2,500,10
2297,2,500,10
2234,2,500,10
1368,2,500,10
2197,2,500,10
2088,2,500,10
2115,2,500,10
2082,2,500,10
1988,2,500,10
1956,2,500,10
1859,2,500,10
1811,2,500,10
1780,2,500,10
1578,2,500,10
1354,2,500,10
1225,2,500,10
1308,2,500,10
1742,2,500,10
1693,2,500,10
1240,2,500,10
1161,2,500,10
2959,2,500,10
1249,2,500,10
2461,2,500,10
2267,2,500,10
1356,2,500,10
1225,2,500,10
1446,2,500,10
1426,2,500,10
1265,2,500,10
1209,2,500,10
953,2,500,10
859,2,500,10
3126,2,500,10
3017,2,500,10
1467,2,500,10
1197,2,500,10
1138,2,500,10
1077,2,500,10
834,2,500,10
805,2,500,10
1764,2,500,10
2467,2,500,10
2435,2,500,10
2418,2,500,10
2290,2,500,10
2213,2,500,10
2537,2,500,10
2506,2,500,10
2359,2,500,10
2137,2,500,10
2070,2,500,10
986,2,500,10
863,2,500,10
3079,2,500,10
3050,2,500,10
2984,2,500,10
943,2,500,10
928,2,500,10
1694,2,500,10
2115,2,500,10
1762,2,500,10
1525,2,500,10
1410,2,500,10
1620,2,500,10
1306,2,500,10
1453,2,500,10
2446,2,500,10
2428,2,500,10
1904,2,500,10
1709,2,500,10
2174,2,500,10
2065,2,500,10
1968,2,500,10
1807,2,500,10
1340,2,500,10
2495,2,500,10
2431,2,500,10
2418,2,500,10
2338,2,500,10
2175,2,500,10
2159,2,500,10
2033,2,500,10
1921,2,500,10
4399,2,500,10
4317,2,500,10
4219,2,500,10
4204,2,500,10
3324,2,500,10
3165,2,500,10
3575,2,500,10
3286,2,500,10
4074,2,500,10
3882,2,500,10
3468,2,500,10
1897,2,500,10
3195,2,500,10
1733,2,500,10
3399,2,500,10
3289,2,500,10
1852,2,500,10
1682,2,500,10
3648,2,500,10
3554,2,500,10
2167,2,500,10
3230,2,500,10
2609,2,500,10
2216,2,500,10
1859,2,500,10
4969,2,500,10
4923,2,500,10
4634,2,500,10
2599,2,500,10
2381,2,500,10
2282,2,500,10
2144,2,500,10
2625,2,500,10
5026,2,500,10
5010,2,500,10
4819,2,500,10
4578,2,500,10
4531,2,500,10
4516,2,500,10
4212,2,500,10
4021,2,500,10
3174,2,500,10
3078,2,500,10
2274,2,500,10
2164,2,500,10
2514,2,500,10
2415,2,500,10
2399,2,500,10
2385,2,500,10
2259,2,500,10
1931,2,500,10
2873,2,500,10
3137,2,500,10
3118,2,500,10
2679,2,500,10
2477,2,500,10
4060,2,500,10
3916,2,500,10
3868,2,500,10
3737,2,500,10
3498,2,500,10
3390,2,500,10
3276,2,500,10
3248,2,500,10
3231,2,500,10
3084,2,500,10
2652,2,500,10
2640,2,500,10
2678,2,500,10
2532,2,500,10
2875,2,500,10
2576,2,500,10
2775,2,500,10
4769,2,500,10
4721,2,500,10
4223,2,500,10
5736,2,500,10
5577,2,500,10
5420,2,500,10
5242,2,500,10
4762,2,500,10
4712,2,500,10
2757,2,500,10
2231,2,500,10
2280,2,500,10
2219,2,500,10
5365,2,500,10
5269,2,500,10
5224,2,500,10
3673,2,500,10
3532,2,500,10
3513,2,500,10
2961,2,500,10
2931,2,500,10
2912,2,500,10
3259,2,500,10
2319,2,500,10
4846,2,500,10
4801,2,500,10
4737,2,500,10
4770,2,500,10
3596,2,500,10
3548,2,500,10
3480,2,500,10
2529,2,500,10
3320,2,500,10
3196,2,500,10
3100,2,500,10
3036,2,500,10
2731,2,500,10
2570,2,500,10
2519,2,500,10
3063,2,500,10
2757,2,500,10
3323,2,500,10
3213,2,500,10
3067,2,500,10
5780,2,500,10
5233,2,500,10
5219,2,500,10
5142,2,500,10
2886,2,500,10
2710,2,500,10
2581,2,500,10
6568,2,500,10
6549,2,500,10
6311,2,500,10
6233,2,500,10
2776,2,500,10
4301,2,500,10
4255,2,500,10
4190,2,500,10
3662,2,500,10
5054,2,500,10
4605,2,500,10
4576,2,500,10
4301,2,500,10
4224,2,500,10
5572,2,500,10
5542,2,500,10
5494,2,500,10
5276,2,500,10
5117,2,500,10
5084,2,500,10
5054,2,500,10
4828,2,500,10
4764,2,500,10
6511,2,500,10
6496,2,500,10
6478,2,500,10
6129,2,500,10
3377,2,500,10
3310,2,500,10
3231,2,500,10
3169,2,500,10
3175,2,500,10
2862,2,500,10
2717,2,500,10
3400,2,500,10
3368,2,500,10
3179,2,500,10
3160,2,500,10
3095,2,500,10
3001,2,500,10
2692,2,500,10
2469,2,500,10
2964,2,500,10
2775,2,500,10
4344,2,500,10
4199,2,500,10
4184,2,500,10
4136,2,500,10
3864,2,500,10
3359,2,500,10
3196,2,500,10
3100,2,500,10
3483,2,500,10
2829,2,500,10
2918,2,500,10
4790,2,500,10
4726,2,500,10
2888,2,500,10
2854,2,500,10
2808,2,500,10
2744,2,500,10
2678,2,500,10
5701,2,500,10
5237,2,500,10
5224,2,500,10
5047,2,500,10
3276,2,500,10
3050,2,500,10
2955,2,500,10
2858,2,500,10
2771,2,500,10
2406,2,500,10
2339,2,500,10
2260,2,500,10
1908,2,500,10
1859,2,500,10
2797,2,500,10
2464,2,500,10
2046,2,500,10
1920,2,500,10
6760,2,500,10
6647,2,500,10
1596,2,500,10
1814,2,500,10
2019,2,500,10
1767,2,500,10
2874,2,500,10
2760,2,500,10
2696,2,500,10
2505,2,500,10
2315,2,500,10
2218,2,500,10
2781,2,500,10
2282,2,500,10
2155,2,500,10
1933,2,500,10
5353,2,500,10
4713,2,500,10
4508,2,500,10
2910,2,500,10
2500,2,500,10
2245,2,500,10
1974,2,500,10
3900,2,500,10
3756,2,500,10
3619,2,500,10
3460,2,500,10
3187,2,500,10
3057,2,500,10
2865,2,500,10
1936,2,500,10
3472,2,500,10
3457,2,500,10
4462,2,500,10
4368,2,500,10
2850,2,500,10
2819,2,500,10
2144,2,500,10
2081,2,500,10
1776,2,500,10
4621,2,500,10
4266,2,500,10
4166,2,500,10
3991,2,500,10
5933,2,500,10
5807,2,500,10
6012,2,500,10
5809,2,500,10
5663,2,500,10
5456,2,500,10
5362,2,500,10
5327,2,500,10
5264,2,500,10
3936,2,500,10
3775,2,500,10
7163,2,500,10
7150,2,500,10
6829,2,500,10
6025,2,500,10
5913,2,500,10
4867,2,500,10
5000,2,500,10
4284,2,500,10
4176,2,500,10
3951,2,500,10
3550,2,500,10
3423,2,500,10
2750,2,500,10
2686,2,500,10
6133,2,500,10
5780,2,500,10
5767,2,500,10
5477,2,500,10
3469,2,500,10
3404,2,500,10
3324,2,500,10
3130,2,500,10
3004,2,500,10
2877,2,500,10
2810,2,500,10
3783,2,500,10
3637,2,500,10
3590,2,500,10
3348,2,500,10
3191,2,500,10
3013,2,500,10
2981,2,500,10
5115,2,500,10
5068,2,500,10
4221,2,500,10
4158,2,500,10
4090,2,500,10
3899,2,500,10
3674,2,500,10
3435,2,500,10
3230,2,500,10
3115,2,500,10
3017,2,500,10
4410,2,500,10
4314,2,500,10
4061,2,500,10
3997,2,500,10
3278,2,500,10
6416,2,500,10
6292,2,500,10
6034,2,500,10
5874,2,500,10
4929,2,500,10
5827,2,500,10
5731,2,500,10
5617,2,500,10
6453,2,500,10
6001,2,500,10
5829,2,500,10
5780,2,500,10
6716,2,500,10
6522,2,500,10
5528,2,500,10
5368,2,500,10
4455,2,500,10
4122,2,500,10
3883,2,500,10
3833,2,500,10
3388,2,500,10
7686,2,500,10
7640,2,500,10
7432,2,500,10
7319,2,500,10
8340,2,500,10
8323,2,500,10
8130,2,500,10
8067,2,500,10
6864,2,500,10
6623,2,500,10
5703,2,500,10
5530,2,500,10
5496,2,500,10
5448,2,500,10
7997,2,500,10
7835,2,500,10
7661,2,500,10
5039,2,500,10
4943,2,500,10
4861,2,500,10
4846,2,500,10
4479,2,500,10
6479,2,500,10
6110,2,500,10
5373,2,500,10
4575,2,500,10
4433,2,500,10
4384,2,500,10
4030,2,500,10
3968,2,500,10
5947,2,500,10
5540,2,500,10
5198,2,500,10
5129,2,500,10
5329,2,500,10
5155,2,500,10
4961,2,500,10
4687,2,500,10
4337,2,500,10
4147,2,500,10
3729,2,500,10
6242,2,500,10
6084,2,500,10
5859,2,500,10
5573,2,500,10