109,2,500,10
114,2,500,10
100,2,500,10
85,2,500,10
94,2,500,10
65,2,500,10
84,2,500,10
82,2,500,10
75,2,500,10
73,2,500,10
96,2,500,10
93,2,500,10
72,2,500,10
92,2,500,10
103,2,500,10
124,2,500,10
117,2,500,10
102,2,500,10
118,2,500,10
138,2,500,10
135,2,500,10
155,2,500,10
85,2,500,10
147,2,500,10
149,2,500,10
134,2,500,10
99,2,500,10
133,2,500,10
89,2,500,10
90,2,500,10
237,2,500,10
147,2,500,10
183,2,500,10
272,2,500,10
208,2,500,10
182,2,500,10
144,2,500,10
112,2,500,10
255,2,500,10
161,2,500,10
277,2,500,10
134,2,500,10
123,2,500,10
209,2,500,10
128,2,500,10
112,2,500,10
191,2,500,10
208,2,500,10
227,2,500,10
161,2,500,10
106,2,500,10
193,2,500,10
131,2,500,10
229,2,500,10
215,2,500,10
208,2,500,10
161,2,500,10
157,2,500,10
143,2,500,10
189,2,500,10
172,2,500,10
159,2,500,10
142,2,500,10
129,2,500,10
169,2,500,10
195,2,500,10
172,2,500,10
157,2,500,10
280,2,500,10
247,2,500,10
289,2,500,10
303,2,500,10
291,2,500,10
277,2,500,10
339,2,500,10
278,2,500,10
247,2,500,10
183,2,500,10
217,2,500,10
213,2,500,10
310,2,500,10
200,2,500,10
342,2,500,10
189,2,500,10
276,2,500,10
263,2,500,10
395,2,500,10
365,2,500,10
246,2,500,10
291,2,500,10
284,2,500,10
298,2,500,10
391,2,500,10
458,2,500,10
409,2,500,10
378,2,500,10
447,2,500,10
435,2,500,10
204,2,500,10
331,2,500,10
270,2,500,10
188,2,500,10
460,2,500,10
425,2,500,10
298,2,500,10
396,2,500,10
286,2,500,10
444,2,500,10
413,2,500,10
366,2,500,10
332,2,500,10
269,2,500,10
351,2,500,10
593,2,500,10
420,2,500,10
616,2,500,10
489,2,500,10
513,2,500,10
497,2,500,10
677,2,500,10
710,2,500,10
788,2,500,10
743,2,500,10
629,2,500,10
663,2,500,10
379,2,500,10
350,2,500,10
633,2,500,10
698,2,500,10
557,2,500,10
426,2,500,10
492,2,500,10
220,2,500,10
580,2,500,10
548,2,500,10
483,2,500,10
467,2,500,10
243,2,500,10
535,2,500,10
307,2,500,10
213,2,500,10
200,2,500,10
350,2,500,10
334,2,500,10
798,2,500,10
686,2,500,10
574,2,500,10
398,2,500,10
380,2,500,10
364,2,500,10
269,2,500,10
381,2,500,10
364,2,500,10
279,2,500,10
702,2,500,10
700,2,500,10
589,2,500,10
384,2,500,10
357,2,500,10
439,2,500,10
425,2,500,10
409,2,500,10
378,2,500,10
217,2,500,10
475,2,500,10
303,2,500,10
324,2,500,10
392,2,500,10
411,2,500,10
489,2,500,10
484,2,500,10
420,2,500,10
401,2,500,10
490,2,500,10
472,2,500,10
465,2,500,10
435,2,500,10
478,2,500,10
511,2,500,10
461,2,500,10
610,2,500,10
565,2,500,10
503,2,500,10
459,2,500,10
619,2,500,10
604,2,500,10
544,2,500,10
622,2,500,10
511,2,500,10
496,2,500,10
775,2,500,10
677,2,500,10
735,2,500,10
656,2,500,10
545,2,500,10
768,2,500,10
753,2,500,10
721,2,500,10
673,2,500,10
594,2,500,10
707,2,500,10
584,2,500,10
618,2,500,10
571,2,500,10
553,2,500,10
539,2,500,10
598,2,500,10
405,2,500,10
647,2,500,10
685,2,500,10
444,2,500,10
541,2,500,10
622,2,500,10
494,2,500,10
644,2,500,10
470,2,500,10
491,2,500,10
441,2,500,10
699,2,500,10
652,2,500,10
771,2,500,10
691,2,500,10
675,2,500,10
624,2,500,10
492,2,500,10
608,2,500,10
760,2,500,10
879,2,500,10
847,2,500,10
819,2,500,10
916,2,500,10
959,2,500,10
901,2,500,10
900,2,500,10
761,2,500,10
714,2,500,10
467,2,500,10
760,2,500,10
685,2,500,10
964,2,500,10
725,2,500,10
1215,2,500,10
1133,2,500,10
990,2,500,10
928,2,500,10
911,2,500,10
1046,2,500,10
695,2,500,10
1194,2,500,10
1082,2,500,10
748,2,500,10
1307,2,500,10
1356,2,500,10
1226,2,500,10
936,2,500,10
909,2,500,10
827,2,500,10
1276,2,500,10
1004,2,500,10
957,2,500,10
811,2,500,10
795,2,500,10
746,2,500,10
796,2,500,10
1387,2,500,10
910,2,500,10
861,2,500,10
1529,2,500,10
1481,2,500,10
1304,2,500,10
1065,2,500,10
1053,2,500,10
1027,2,500,10
1025,2,500,10
1791,2,500,10
1615,2,500,10
1485,2,500,10
1423,2,500,10
1375,2,500,10
1324,2,500,10
1213,2,500,10
1069,2,500,10
1112,2,500,10
823,2,500,10
941,2,500,10
859,2,500,10
1087,2,500,10
975,2,500,10
959,2,500,10
896,2,500,10
1159,2,500,10
1098,2,500,10
1082,2,500,10
1147,2,500,10
1181,2,500,10
957,2,500,10
861,2,500,10
1066,2,500,10
757,2,500,10
868,2,500,10
809,2,500,10
922,2,500,10
781,2,500,10
965,2,500,10
1187,2,500,10
1305,2,500,10
1291,2,500,10
1273,2,500,10
1144,2,500,10
938,2,500,10
1125,2,500,10
875,2,500,10
731,2,500,10
849,2,500,10
785,2,500,10
1048,2,500,10
905,2,500,10
841,2,500,10
726,2,500,10
829,2,500,10
811,2,500,10
1014,2,500,10
893,2,500,10
764,2,500,10
1178,2,500,10
1081,2,500,10
784,2,500,10
902,2,500,10
887,2,500,10
812,2,500,10
1173,2,500,10
906,2,500,10
990,2,500,10
1080,2,500,10
1046,2,500,10
798,2,500,10
1131,2,500,10
1018,2,500,10
1114,2,500,10
1147,2,500,10
1005,2,500,10
1060,2,500,10
1042,2,500,10
1146,2,500,10
1483,2,500,10
1371,2,500,10
1473,2,500,10
1374,2,500,10
1280,2,500,10
1150,2,500,10
1069,2,500,10
1273,2,500,10
1177,2,500,10
1096,2,500,10
1568,2,500,10
1376,2,500,10
1311,2,500,10
1159,2,500,10
1143,2,500,10
1294,2,500,10
1361,2,500,10
1355,2,500,10
1258,2,500,10
1228,2,500,10
1151,2,500,10
1385,2,500,10
841,2,500,10
1416,2,500,10
1194,2,500,10
1404,2,500,10
1312,2,500,10
1181,2,500,10
908,2,500,10
1447,2,500,10
1079,2,500,10
1396,2,500,10
1346,2,500,10
1047,2,500,10
1336,2,500,10
1289,2,500,10
1194,2,500,10
1435,2,500,10
1069,2,500,10
1036,2,500,10
1057,2,500,10
699,2,500,10
792,2,500,10
650,2,500,10
1070,2,500,10
1329,2,500,10
1295,2,500,10
1233,2,500,10
1708,2,500,10
1582,2,500,10
1421,2,500,10
1246,2,500,10
1659,2,500,10
1189,2,500,10
1004,2,500,10
1040,2,500,10
1790,2,500,10
1581,2,500,10
928,2,500,10
1151,2,500,10
1552,2,500,10
1470,2,500,10
1629,2,500,10
1580,2,500,10
1450,2,500,10
835,2,500,10
913,2,500,10
906,2,500,10
891,2,500,10
1041,2,500,10
985,2,500,10
1300,2,500,10
1247,2,500,10
1106,2,500,10
1169,2,500,10
1554,2,500,10
1499,2,500,10
1406,2,500,10
1385,2,500,10
1151,2,500,10
1137,2,500,10
1039,2,500,10
864,2,500,10
1189,2,500,10
1061,2,500,10
1022,2,500,10
1351,2,500,10
1274,2,500,10
1098,2,500,10
827,2,500,10
1744,2,500,10
1662,2,500,10
1599,2,500,10
1581,2,500,10
1338,2,500,10
956,2,500,10
1451,2,500,10
968,2,500,10
1432,2,500,10
1320,2,500,10
1267,2,500,10
1124,2,500,10
1046,2,500,10
1038,2,500,10
1448,2,500,10
1349,2,500,10
1192,2,500,10
1594,2,500,10
1531,2,500,10
1449,2,500,10
2092,2,500,10
2064,2,500,10
1395,2,500,10
1295,2,500,10
1406,2,500,10
1372,2,500,10
1338,2,500,10
1292,2,500,10
1229,2,500,10
1305,2,500,10
1385,2,500,10
1976,2,500,10
1814,2,500,10
1797,2,500,10
1718,2,500,10
1528,2,500,10
1628,2,500,10
1598,2,500,10
1421,2,500,10
1710,2,500,10
1695,2,500,10
1583,2,500,10
1566,2,500,10
1537,2,500,10
1458,2,500,10
1349,2,500,10
1605,2,500,10
1706,2,500,10
1691,2,500,10
1514,2,500,10
1698,2,500,10
1490,2,500,10
1727,2,500,10
1713,2,500,10
1682,2,500,10
1520,2,500,10
1672,2,500,10
1643,2,500,10
1635,2,500,10
1610,2,500,10
1932,2,500,10
2029,2,500,10
1920,2,500,10
2061,2,500,10
2544,2,500,10
2400,2,500,10