435,2,500,10
458,2,500,10
426,2,500,10
487,2,500,10
582,2,500,10
687,2,500,10
656,2,500,10
777,2,500,10
752,2,500,10
379,2,500,10
1128,2,500,10
1069,2,500,10
1004,2,500,10
939,2,500,10
767,2,500,10
641,2,500,10
929,2,500,10
994,2,500,10
850,2,500,10
818,2,500,10
886,2,500,10
777,2,500,10
730,2,500,10
574,2,500,10
1061,2,500,10
965,2,500,10
917,2,500,10
552,2,500,10
1267,2,500,10
1264,2,500,10
1241,2,500,10
942,2,500,10
815,2,500,10
698,2,500,10
627,2,500,10
678,2,500,10
648,2,500,10
855,2,500,10
674,2,500,10
627,2,500,10
805,2,500,10
1560,2,500,10
1544,2,500,10
1447,2,500,10
1290,2,500,10
983,2,500,10
1762,2,500,10
1636,2,500,10
1409,2,500,10
1396,2,500,10
1266,2,500,10
958,2,500,10
928,2,500,10
1273,2,500,10
1915,2,500,10
1850,2,500,10
1481,2,500,10
1419,2,500,10
1370,2,500,10
1225,2,500,10
1260,2,500,10
1215,2,500,10
950,2,500,10
1179,2,500,10
1067,2,500,10
1036,2,500,10
1217,2,500,10
920,2,500,10
1353,2,500,10
1255,2,500,10
1143,2,500,10
820,2,500,10
1062,2,500,10
904,2,500,10
1127,2,500,10
1096,2,500,10
985,2,500,10
2106,2,500,10
2196,2,500,10
1890,2,500,10
1589,2,500,10
1427,2,500,10
1031,2,500,10
869,2,500,10
1287,2,500,10
1169,2,500,10
1152,2,500,10
1089,2,500,10
1025,2,500,10
976,2,500,10
799,2,500,10
1519,2,500,10
1308,2,500,10
2002,2,500,10
999,2,500,10
1151,2,500,10
989,2,500,10
908,2,500,10
831,2,500,10
765,2,500,10
533,2,500,10
2236,2,500,10
548,2,500,10
1069,2,500,10
1984,2,500,10
1874,2,500,10
1791,2,500,10
1696,2,500,10
1377,2,500,10
451,2,500,10
1058,2,500,10
1517,2,500,10
1375,2,500,10
1161,2,500,10
1822,2,500,10
1662,2,500,10
621,2,500,10
508,2,500,10
796,2,500,10
638,2,500,10
1463,2,500,10
1402,2,500,10
1367,2,500,10
1321,2,500,10
1304,2,500,10
1226,2,500,10
636,2,500,10
1000,2,500,10
816,2,500,10
575,2,500,10
1896,2,500,10
1347,2,500,10
1269,2,500,10
1031,2,500,10
860,2,500,10
732,2,500,10
649,2,500,10
461,2,500,10
545,2,500,10
777,2,500,10
1507,2,500,10
1459,2,500,10
1575,2,500,10
1190,2,500,10
1049,2,500,10
984,2,500,10
765,2,500,10
2550,2,500,10
2469,2,500,10
832,2,500,10
891,2,500,10
829,2,500,10
2411,2,500,10
2249,2,500,10
2305,2,500,10
2210,2,500,10
798,2,500,10
863,2,500,10
1217,2,500,10
1408,2,500,10
1360,2,500,10
701,2,500,10
686,2,500,10
2089,2,500,10
1960,2,500,10
322,2,500,10
2243,2,500,10
2020,2,500,10
1861,2,500,10
1523,2,500,10
1508,2,500,10
1081,2,500,10
2441,2,500,10
1062,2,500,10
1373,2,500,10
1248,2,500,10
729,2,500,10
635,2,500,10
1558,2,500,10
968,2,500,10
840,2,500,10
669,2,500,10
2310,2,500,10
1386,2,500,10
1326,2,500,10
1306,2,500,10
1179,2,500,10
811,2,500,10
1833,2,500,10
1816,2,500,10
1356,2,500,10
1450,2,500,10
1321,2,500,10
1179,2,500,10
1128,2,500,10
841,2,500,10
811,2,500,10
2220,2,500,10
1627,2,500,10
1546,2,500,10
1385,2,500,10
2877,2,500,10
2846,2,500,10
2143,2,500,10
1016,2,500,10
1626,2,500,10
1529,2,500,10
1435,2,500,10
1386,2,500,10
2240,2,500,10
2122,2,500,10
1494,2,500,10
1598,2,500,10
1361,2,500,10
1148,2,500,10
1020,2,500,10
2412,2,500,10
2396,2,500,10
2108,2,500,10
1966,2,500,10
1775,2,500,10
1609,2,500,10
1308,2,500,10
2875,2,500,10
1351,2,500,10
1286,2,500,10
1542,2,500,10
1767,2,500,10
1668,2,500,10
1361,2,500,10
1040,2,500,10
1022,2,500,10
976,2,500,10
846,2,500,10
801,2,500,10
1234,2,500,10
1187,2,500,10
1155,2,500,10
833,2,500,10
3635,2,500,10
3555,2,500,10
3523,2,500,10
3442,2,500,10
3282,2,500,10
3253,2,500,10
1928,2,500,10
2014,2,500,10
1774,2,500,10
1758,2,500,10
1853,2,500,10
1790,2,500,10
1776,2,500,10
1680,2,500,10
2066,2,500,10
686,2,500,10
640,2,500,10
545,2,500,10
1650,2,500,10
1550,2,500,10
2996,2,500,10
2901,2,500,10
2887,2,500,10
2486,2,500,10
2405,2,500,10
2356,2,500,10
798,2,500,10
1591,2,500,10
1548,2,500,10
1449,2,500,10
1190,2,500,10
1126,2,500,10
1062,2,500,10
916,2,500,10
869,2,500,10
1858,2,500,10
1486,2,500,10
1344,2,500,10
1186,2,500,10
1119,2,500,10
1149,2,500,10
1054,2,500,10
827,2,500,10
1820,2,500,10
1453,2,500,10
1437,2,500,10
1404,2,500,10
2109,2,500,10
1803,2,500,10
2153,2,500,10
4686,2,500,10
4606,2,500,10
4445,2,500,10
3709,2,500,10
3645,2,500,10
3596,2,500,10
2366,2,500,10
967,2,500,10
1318,2,500,10
1236,2,500,10
2204,2,500,10
1579,2,500,10
1547,2,500,10
1324,2,500,10
2383,2,500,10
2370,2,500,10
2997,2,500,10
2288,2,500,10
2064,2,500,10
1969,2,500,10
5019,2,500,10
5002,2,500,10
4891,2,500,10
4860,2,500,10
4349,2,500,10
1581,2,500,10
1397,2,500,10
3022,2,500,10
3079,2,500,10
2022,2,500,10
4250,2,500,10
4233,2,500,10
4185,2,500,10
4042,2,500,10
3768,2,500,10
3561,2,500,10
3258,2,500,10
1601,2,500,10
3110,2,500,10
2967,2,500,10
2902,2,500,10
2614,2,500,10
2437,2,500,10
2291,2,500,10
1819,2,500,10
1999,2,500,10
1793,2,500,10
1782,2,500,10
2233,2,500,10
2204,2,500,10
1949,2,500,10
1870,2,500,10
2934,2,500,10
2808,2,500,10
2583,2,500,10
2375,2,500,10
2128,2,500,10
4436,2,500,10
4404,2,500,10
4196,2,500,10
4054,2,500,10
4934,2,500,10
4758,2,500,10
4552,2,500,10
4361,2,500,10
2637,2,500,10
2670,2,500,10
2668,2,500,10
2526,2,500,10
2650,2,500,10
2619,2,500,10
2646,2,500,10
2167,2,500,10
2377,2,500,10
2311,2,500,10
2263,2,500,10
2967,2,500,10
2832,2,500,10
2640,2,500,10
2752,2,500,10
2478,2,500,10
2430,2,500,10
2572,2,500,10
2029,2,500,10
4599,2,500,10
4391,2,500,10
4089,2,500,10
3815,2,500,10
3512,2,500,10
3399,2,500,10
2820,2,500,10
2757,2,500,10
2691,2,500,10
2468,2,500,10
2308,2,500,10
2131,2,500,10
3444,2,500,10
3413,2,500,10
2423,2,500,10
2361,2,500,10
2265,2,500,10
3403,2,500,10
3178,2,500,10
3019,2,500,10
2956,2,500,10
2747,2,500,10
2732,2,500,10
1737,2,500,10
2727,2,500,10
2618,2,500,10
2587,2,500,10
1678,2,500,10
3896,2,500,10
3853,2,500,10
2016,2,500,10
1778,2,500,10
2186,2,500,10
3519,2,500,10
2327,2,500,10
2215,2,500,10
2168,2,500,10
2008,2,500,10
2183,2,500,10
2133,2,500,10
2071,2,500,10
1909,2,500,10
2735,2,500,10
2653,2,500,10
2080,2,500,10
2031,2,500,10
3046,2,500,10
2695,2,500,10
3797,2,500,10
3957,2,500,10
4007,2,500,10
3848,2,500,10
3625,2,500,10
3208,2,500,10
4063,2,500,10
3468,2,500,10
3376,2,500,10
3326,2,500,10
3086,2,500,10
2654,2,500,10
4059,2,500,10
4026,2,500,10
4012,2,500,10
3882,2,500,10
3804,2,500,10
3549,2,500,10
2953,2,500,10
2699,2,500,10
2574,2,500,10
2475,2,500,10
2459,2,500,10
2345,2,500,10
6358,2,500,10
6344,2,500,10
4151,2,500,10
3860,2,500,10
4055,2,500,10
3741,2,500,10
3674,2,500,10
4058,2,500,10
3646,2,500,10
3614,2,500,10
3534,2,500,10
3454,2,500,10
5140,2,500,10
4838,2,500,10
5225,2,500,10
4156,2,500,10
4026,2,500,10
3779,2,500,10
3369,2,500,10
3739,2,500,10
3561,2,500,10
3550,2,500,10
3534,2,500,10
4145,2,500,10
4016,2,500,10
3891,2,500,10
3632,2,500,10
3420,2,500,10
3339,2,500,10
3318,2,500,10
4219,2,500,10
4139,2,500,10
4073,2,500,10
3912,2,500,10
3528,2,500,10
6583,2,500,10
6166,2,500,10
5956,2,500,10
5909,2,500,10
5799,2,500,10
5733,2,500,10
5557,2,500,10
5374,2,500,10
5116,2,500,10
5098,2,500,10
5067,2,500,10
4815,2,500,10
5581,2,500,10
5546,2,500,10
5165,2,500,10
5037,2,500,10
4827,2,500,10
4574,2,500,10
4483,2,500,10
4020,2,500,10