1080,2,500,10
1243,2,500,10
1374,2,500,10
1308,2,500,10
1054,2,500,10
943,2,500,10
943,2,500,10
1524,2,500,10
1508,2,500,10
1005,2,500,10
1289,2,500,10
1160,2,500,10
534,2,500,10
1851,2,500,10
1490,2,500,10
1910,2,500,10
1893,2,500,10
1511,2,500,10
1414,2,500,10
1352,2,500,10
1193,2,500,10
936,2,500,10
1453,2,500,10
2091,2,500,10
1641,2,500,10
1760,2,500,10
1728,2,500,10
1630,2,500,10
2096,2,500,10
1938,2,500,10
1745,2,500,10
1585,2,500,10
2315,2,500,10
2284,2,500,10
2253,2,500,10
2188,2,500,10
1755,2,500,10
2185,2,500,10
2105,2,500,10
1818,2,500,10
1770,2,500,10
1384,2,500,10
1369,2,500,10
1320,2,500,10
1306,2,500,10
1857,2,500,10
1731,2,500,10
2361,2,500,10
2342,2,500,10
2295,2,500,10
1865,2,500,10
1847,2,500,10
1784,2,500,10
1768,2,500,10
1848,2,500,10
1625,2,500,10
1966,2,500,10
1805,2,500,10
1694,2,500,10
2002,2,500,10
1413,2,500,10
1349,2,500,10
2836,2,500,10
2724,2,500,10
2663,2,500,10
2647,2,500,10
2613,2,500,10
2436,2,500,10
2406,2,500,10
1860,2,500,10
1182,2,500,10
1160,2,500,10
1991,2,500,10
1834,2,500,10
1803,2,500,10
1036,2,500,10
1104,2,500,10
2490,2,500,10
1753,2,500,10
1688,2,500,10
1622,2,500,10
1560,2,500,10
1192,2,500,10
1675,2,500,10
1562,2,500,10
1499,2,500,10
1482,2,500,10
1443,2,500,10
2101,2,500,10
1813,2,500,10
1634,2,500,10
1426,2,500,10
1363,2,500,10
1303,2,500,10
1545,2,500,10
1431,2,500,10
2734,2,500,10
2950,2,500,10
2938,2,500,10
2192,2,500,10
1891,2,500,10
1322,2,500,10
3252,2,500,10
3110,2,500,10
2869,2,500,10
2775,2,500,10
2644,2,500,10
1367,2,500,10
2837,2,500,10
2673,2,500,10
2610,2,500,10
2594,2,500,10
2548,2,500,10
2132,2,500,10
1462,2,500,10
1318,2,500,10
2750,2,500,10
2655,2,500,10
2622,2,500,10
2398,2,500,10
3099,2,500,10
1741,2,500,10
1723,2,500,10
1625,2,500,10
1355,2,500,10
1244,2,500,10
2624,2,500,10
2242,2,500,10
2067,2,500,10
4221,2,500,10
3485,2,500,10
3470,2,500,10
3119,2,500,10
3054,2,500,10
2669,2,500,10
2523,2,500,10
2444,2,500,10
1799,2,500,10
3301,2,500,10
2645,2,500,10
1495,2,500,10
3565,2,500,10
1398,2,500,10
3265,2,500,10
3121,2,500,10
3038,2,500,10
2535,2,500,10
2153,2,500,10
1895,2,500,10
1831,2,500,10
1690,2,500,10
2768,2,500,10
2606,2,500,10
2367,2,500,10
2480,2,500,10
1111,2,500,10
996,2,500,10
1820,2,500,10
4525,2,500,10
1870,2,500,10
1540,2,500,10
1473,2,500,10
2164,2,500,10
1651,2,500,10
3739,2,500,10
3421,2,500,10
3228,2,500,10
3179,2,500,10
1566,2,500,10
3197,2,500,10
4725,2,500,10
4644,2,500,10
4306,2,500,10
4241,2,500,10
4196,2,500,10
4115,2,500,10
3843,2,500,10
3333,2,500,10
3759,2,500,10
3677,2,500,10
3614,2,500,10
3456,2,500,10
3102,2,500,10
2800,2,500,10
2749,2,500,10
2143,2,500,10
1939,2,500,10
1734,2,500,10
1463,2,500,10
2097,2,500,10
1972,2,500,10
2922,2,500,10
2823,2,500,10
2618,2,500,10
2535,2,500,10
2502,2,500,10
2474,2,500,10
4157,2,500,10
3869,2,500,10
3821,2,500,10
3343,2,500,10
3260,2,500,10
2823,2,500,10
2596,2,500,10
2534,2,500,10
2500,2,500,10
2421,2,500,10
4346,2,500,10
4202,2,500,10
4154,2,500,10
3069,2,500,10
2861,2,500,10
2827,2,500,10
2333,2,500,10
1677,2,500,10
2490,2,500,10
2267,2,500,10
2220,2,500,10
2124,2,500,10
4128,2,500,10
3457,2,500,10
2735,2,500,10
2686,2,500,10
2495,2,500,10
2296,2,500,10
2232,2,500,10
2071,2,500,10
1893,2,500,10
1961,2,500,10
5672,2,500,10
5581,2,500,10
5097,2,500,10
5042,2,500,10
5025,2,500,10
4961,2,500,10
4719,2,500,10
4575,2,500,10
3612,2,500,10
3594,2,500,10
3549,2,500,10
3516,2,500,10
2876,2,500,10
2525,2,500,10
3402,2,500,10
3371,2,500,10
2841,2,500,10
2759,2,500,10
2329,2,500,10
2315,2,500,10
6057,2,500,10
2900,2,500,10
2819,2,500,10
3902,2,500,10
4803,2,500,10
4125,2,500,10
4061,2,500,10
3727,2,500,10
3694,2,500,10
3664,2,500,10
5464,2,500,10
5188,2,500,10
4965,2,500,10
4663,2,500,10
4454,2,500,10
5744,2,500,10
5696,2,500,10
5522,2,500,10
5247,2,500,10
5137,2,500,10
4342,2,500,10
4262,2,500,10
4216,2,500,10
3961,2,500,10
3831,2,500,10
3767,2,500,10
2928,2,500,10
4668,2,500,10
3401,2,500,10
3809,2,500,10
3520,2,500,10
3250,2,500,10
3876,2,500,10
3082,2,500,10
2507,2,500,10
2476,2,500,10
2412,2,500,10
2362,2,500,10
1965,2,500,10
1772,2,500,10
1533,2,500,10
1517,2,500,10
6809,2,500,10
6727,2,500,10
3624,2,500,10
3547,2,500,10
3517,2,500,10
3419,2,500,10
3404,2,500,10
2247,2,500,10
2091,2,500,10
1642,2,500,10
5148,2,500,10
4921,2,500,10
4875,2,500,10
4858,2,500,10
4795,2,500,10
4745,2,500,10
4652,2,500,10
4603,2,500,10
4459,2,500,10
5101,2,500,10
4315,2,500,10
4124,2,500,10
4096,2,500,10
4624,2,500,10
4091,2,500,10
3995,2,500,10
3899,2,500,10
3991,2,500,10
3846,2,500,10
3717,2,500,10
3527,2,500,10
3461,2,500,10
3320,2,500,10
3193,2,500,10
2809,2,500,10
2758,2,500,10
2376,2,500,10
3994,2,500,10
3978,2,500,10
3706,2,500,10
3673,2,500,10
3194,2,500,10
2762,2,500,10
2666,2,500,10
2492,2,500,10
2362,2,500,10
2091,2,500,10
4761,2,500,10
4567,2,500,10
6797,2,500,10
6749,2,500,10
6095,2,500,10
5712,2,500,10
4351,2,500,10
4290,2,500,10
4570,2,500,10
5409,2,500,10
6670,2,500,10
6555,2,500,10
6460,2,500,10
5774,2,500,10
4223,2,500,10
4163,2,500,10
3953,2,500,10
4117,2,500,10
3493,2,500,10
3172,2,500,10
3156,2,500,10
3126,2,500,10
2836,2,500,10
2775,2,500,10
5321,2,500,10
3099,2,500,10
2908,2,500,10
2731,2,500,10
8310,2,500,10
8233,2,500,10
8197,2,500,10
8021,2,500,10
7991,2,500,10
7639,2,500,10
7576,2,500,10
7430,2,500,10
7334,2,500,10
7080,2,500,10
6824,2,500,10
6553,2,500,10
5212,2,500,10
5196,2,500,10
5181,2,500,10
4956,2,500,10
4933,2,500,10
4837,2,500,10
4819,2,500,10
4787,2,500,10
4661,2,500,10
4791,2,500,10
3566,2,500,10
3390,2,500,10
3342,2,500,10
2991,2,500,10
4348,2,500,10
3882,2,500,10
3674,2,500,10
2937,2,500,10
3468,2,500,10
3438,2,500,10
3227,2,500,10
3132,2,500,10
2988,2,500,10
2860,2,500,10
2746,2,500,10
5685,2,500,10
4941,2,500,10
5106,2,500,10
4874,2,500,10
4813,2,500,10
4601,2,500,10
4475,2,500,10
3852,2,500,10
5420,2,500,10
4907,2,500,10
4219,2,500,10
4123,2,500,10
4013,2,500,10
3706,2,500,10
3498,2,500,10
3131,2,500,10
4884,2,500,10
4050,2,500,10
5825,2,500,10
5460,2,500,10
7944,2,500,10
7849,2,500,10
7575,2,500,10
7560,2,500,10
7527,2,500,10
7065,2,500,10
7018,2,500,10
6027,2,500,10
5867,2,500,10
5659,2,500,10
5487,2,500,10
5261,2,500,10
4973,2,500,10
4940,2,500,10
4845,2,500,10
4734,2,500,10
4190,2,500,10
4078,2,500,10
3984,2,500,10
3390,2,500,10
5755,2,500,10
5113,2,500,10
4873,2,500,10
4826,2,500,10
4539,2,500,10
4157,2,500,10
3915,2,500,10
3692,2,500,10
6485,2,500,10
6261,2,500,10
8371,2,500,10
8099,2,500,10
8036,2,500,10
8021,2,500,10
7955,2,500,10
7747,2,500,10
7284,2,500,10
7076,2,500,10
6900,2,500,10
6207,2,500,10
6118,2,500,10
6057,2,500,10
5865,2,500,10
5178,2,500,10
6398,2,500,10
6363,2,500,10
5053,2,500,10
4957,2,500,10
4944,2,500,10
4527,2,500,10
3872,2,500,10
3853,2,500,10
3630,2,500,10
5056,2,500,10
4959,2,500,10
4944,2,500,10
4800,2,500,10
4783,2,500,10
4671,2,500,10
4221,2,500,10
4126,2,500,10
3999,2,500,10
3967,2,500,10
3760,2,500,10
5668,2,500,10
5153,2,500,10
5027,2,500,10
4981,2,500,10
4836,2,500,10
4739,2,500,10
4643,2,500,10
4595,2,500,10
4563,2,500,10
3829,2,500,10
3731,2,500,10
5374,2,500,10
5134,2,500,10