411,2,500,10
472,2,500,10
504,2,500,10
762,2,500,10
761,2,500,10
496,2,500,10
499,2,500,10
850,2,500,10
803,2,500,10
754,2,500,10
674,2,500,10
712,2,500,10
968,2,500,10
759,2,500,10
709,2,500,10
1052,2,500,10
1093,2,500,10
1063,2,500,10
918,2,500,10
854,2,500,10
743,2,500,10
711,2,500,10
1312,2,500,10
1250,2,500,10
1217,2,500,10
669,2,500,10
789,2,500,10
1415,2,500,10
1305,2,500,10
1214,2,500,10
893,2,500,10
857,2,500,10
1173,2,500,10
1534,2,500,10
1441,2,500,10
1393,2,500,10
1030,2,500,10
920,2,500,10
856,2,500,10
343,2,500,10
1731,2,500,10
387,2,500,10
1784,2,500,10
1528,2,500,10
1450,2,500,10
1755,2,500,10
1878,2,500,10
1720,2,500,10
1689,2,500,10
1119,2,500,10
910,2,500,10
1329,2,500,10
1220,2,500,10
1028,2,500,10
519,2,500,10
1586,2,500,10
1584,2,500,10
1524,2,500,10
1058,2,500,10
769,2,500,10
1577,2,500,10
1351,2,500,10
1287,2,500,10
776,2,500,10
1737,2,500,10
726,2,500,10
714,2,500,10
537,2,500,10
505,2,500,10
456,2,500,10
676,2,500,10
1813,2,500,10
1301,2,500,10
1286,2,500,10
1191,2,500,10
1015,2,500,10
2038,2,500,10
1974,2,500,10
1577,2,500,10
1161,2,500,10
1063,2,500,10
659,2,500,10
598,2,500,10
855,2,500,10
2556,2,500,10
2447,2,500,10
1917,2,500,10
1884,2,500,10
1628,2,500,10
1453,2,500,10
1054,2,500,10
1035,2,500,10
766,2,500,10
2011,2,500,10
1549,2,500,10
1501,2,500,10
713,2,500,10
2177,2,500,10
1998,2,500,10
1921,2,500,10
1791,2,500,10
1712,2,500,10
1121,2,500,10
1090,2,500,10
1041,2,500,10
880,2,500,10
2286,2,500,10
543,2,500,10
2158,2,500,10
1836,2,500,10
1692,2,500,10
1519,2,500,10
1372,2,500,10
1262,2,500,10
1034,2,500,10
1560,2,500,10
815,2,500,10
720,2,500,10
2278,2,500,10
2214,2,500,10
1705,2,500,10
1669,2,500,10
1641,2,500,10
1432,2,500,10
1881,2,500,10
1863,2,500,10
1250,2,500,10
1202,2,500,10
1669,2,500,10
1576,2,500,10
1719,2,500,10
1493,2,500,10
3096,2,500,10
2840,2,500,10
2697,2,500,10
2443,2,500,10
2297,2,500,10
2168,2,500,10
2122,2,500,10
1985,2,500,10
1953,2,500,10
1904,2,500,10
1821,2,500,10
1758,2,500,10
2902,2,500,10
2884,2,500,10
2359,2,500,10
1646,2,500,10
1779,2,500,10
1879,2,500,10
1848,2,500,10
2078,2,500,10
2041,2,500,10
1851,2,500,10
1582,2,500,10
1357,2,500,10
1037,2,500,10
955,2,500,10
940,2,500,10
2236,2,500,10
1752,2,500,10
1478,2,500,10
1383,2,500,10
1208,2,500,10
2390,2,500,10
2184,2,500,10
1773,2,500,10
1594,2,500,10
1466,2,500,10
1061,2,500,10
1012,2,500,10
2654,2,500,10
997,2,500,10
948,2,500,10
2072,2,500,10
1832,2,500,10
1705,2,500,10
1546,2,500,10
1356,2,500,10
1115,2,500,10
987,2,500,10
1009,2,500,10
2267,2,500,10
2044,2,500,10
1656,2,500,10
1385,2,500,10
1273,2,500,10
1191,2,500,10
2585,2,500,10
2537,2,500,10
2457,2,500,10
2439,2,500,10
2410,2,500,10
2345,2,500,10
2107,2,500,10
1899,2,500,10
1816,2,500,10
1529,2,500,10
1436,2,500,10
1368,2,500,10
2432,2,500,10
1615,2,500,10
1360,2,500,10
2424,2,500,10
2310,2,500,10
2070,2,500,10
1912,2,500,10
1642,2,500,10
1594,2,500,10
1063,2,500,10
1163,2,500,10
1134,2,500,10
1038,2,500,10
1043,2,500,10
3076,2,500,10
2771,2,500,10
2596,2,500,10
2178,2,500,10
1908,2,500,10
1796,2,500,10
1644,2,500,10
1531,2,500,10
1300,2,500,10
1718,2,500,10
1638,2,500,10
1606,2,500,10
1206,2,500,10
1157,2,500,10
1093,2,500,10
3246,2,500,10
2974,2,500,10
2732,2,500,10
2092,2,500,10
1231,2,500,10
1088,2,500,10
1024,2,500,10
1752,2,500,10
926,2,500,10
1995,2,500,10
1929,2,500,10
1915,2,500,10
1689,2,500,10
2045,2,500,10
2030,2,500,10
2017,2,500,10
1091,2,500,10
1683,2,500,10
1606,2,500,10
3244,2,500,10
2587,2,500,10
2510,2,500,10
2480,2,500,10
3698,2,500,10
3378,2,500,10
3028,2,500,10
2963,2,500,10
2806,2,500,10
2789,2,500,10
1912,2,500,10
1785,2,500,10
1525,2,500,10
1983,2,500,10
1555,2,500,10
1510,2,500,10
3655,2,500,10
3509,2,500,10
3479,2,500,10
3301,2,500,10
2030,2,500,10
2073,2,500,10
1884,2,500,10
1658,2,500,10
4061,2,500,10
4047,2,500,10
4029,2,500,10
3679,2,500,10
3581,2,500,10
3341,2,500,10
3166,2,500,10
3118,2,500,10
2735,2,500,10
2479,2,500,10
2877,2,500,10
2866,2,500,10
2321,2,500,10
2239,2,500,10
2208,2,500,10
1968,2,500,10
4826,2,500,10
4747,2,500,10
4652,2,500,10
2831,2,500,10
2639,2,500,10
2623,2,500,10
2400,2,500,10
2367,2,500,10
2318,2,500,10
3289,2,500,10
3190,2,500,10
3316,2,500,10
2112,2,500,10
2679,2,500,10
2517,2,500,10
2277,2,500,10
2260,2,500,10
2196,2,500,10
2116,2,500,10
3339,2,500,10
3068,2,500,10
2957,2,500,10
2777,2,500,10
2413,2,500,10
3170,2,500,10
2521,2,500,10
2359,2,500,10
2544,2,500,10
2629,2,500,10
2927,2,500,10
5428,2,500,10
4707,2,500,10
4613,2,500,10
4357,2,500,10
2632,2,500,10
2771,2,500,10
2723,2,500,10
2423,2,500,10
2886,2,500,10
2498,2,500,10
3113,2,500,10
2955,2,500,10
2875,2,500,10
2760,2,500,10
3250,2,500,10
3008,2,500,10
2961,2,500,10
3448,2,500,10
3015,2,500,10
3584,2,500,10
3110,2,500,10
3093,2,500,10
2593,2,500,10
2514,2,500,10
3495,2,500,10
2810,2,500,10
3019,2,500,10
2930,2,500,10
3823,2,500,10
3348,2,500,10
3268,2,500,10
3188,2,500,10
3364,2,500,10
3205,2,500,10
2780,2,500,10
3490,2,500,10
3394,2,500,10
3418,2,500,10
2654,2,500,10
2476,2,500,10
1952,2,500,10
3229,2,500,10
3179,2,500,10
3162,2,500,10
4236,2,500,10
4105,2,500,10
2773,2,500,10
2754,2,500,10
2485,2,500,10
2243,2,500,10
1923,2,500,10
1909,2,500,10
1781,2,500,10
4381,2,500,10
2816,2,500,10
2657,2,500,10
2435,2,500,10
2371,2,500,10
2288,2,500,10
2209,2,500,10
2064,2,500,10
3656,2,500,10
3448,2,500,10
4238,2,500,10
4157,2,500,10
4064,2,500,10
3822,2,500,10
3540,2,500,10
2947,2,500,10
2545,2,500,10
2495,2,500,10
2050,2,500,10
3535,2,500,10
3437,2,500,10
3406,2,500,10
3218,2,500,10
2850,2,500,10
2385,2,500,10
2193,2,500,10
2081,2,500,10
1984,2,500,10
3586,2,500,10
3732,2,500,10
3718,2,500,10
4105,2,500,10
3879,2,500,10
3616,2,500,10
2426,2,500,10
3946,2,500,10
3753,2,500,10
3690,2,500,10
3674,2,500,10
3501,2,500,10
3069,2,500,10
2988,2,500,10
2859,2,500,10
2620,2,500,10
2506,2,500,10
4478,2,500,10
4414,2,500,10
3646,2,500,10
3377,2,500,10
3328,2,500,10
2799,2,500,10
2512,2,500,10
2415,2,500,10
3884,2,500,10
3194,2,500,10
3162,2,500,10
4508,2,500,10
3215,2,500,10
3041,2,500,10
2960,2,500,10
2737,2,500,10
2592,2,500,10
6183,2,500,10
6010,2,500,10
5944,2,500,10
5623,2,500,10
4058,2,500,10
3583,2,500,10
3551,2,500,10
3546,2,500,10
3163,2,500,10
3147,2,500,10
2874,2,500,10
2763,2,500,10
2713,2,500,10
2684,2,500,10
5494,2,500,10
5480,2,500,10
5366,2,500,10
5109,2,500,10
4219,2,500,10
4671,2,500,10
5688,2,500,10
5337,2,500,10
4432,2,500,10
4419,2,500,10
4241,2,500,10
4175,2,500,10
4001,2,500,10
3922,2,500,10
3540,2,500,10
3283,2,500,10
5218,2,500,10
5123,2,500,10
5107,2,500,10
5673,2,500,10
5624,2,500,10
5465,2,500,10
5432,2,500,10
4809,2,500,10
4409,2,500,10
4378,2,500,10
4009,2,500,10
3769,2,500,10
4739,2,500,10
4721,2,500,10
4641,2,500,10
4594,2,500,10
4547,2,500,10
4481,2,500,10
4019,2,500,10
3920,2,500,10
3697,2,500,10
3328,2,500,10
5125,2,500,10
5095,2,500,10
5080,2,500,10
4869,2,500,10
5547,2,500,10
4879,2,500,10
4575,2,500,10
3888,2,500,10
3695,2,500,10
5409,2,500,10
5267,2,500,10
4877,2,500,10
4516,2,500,10
4434,2,500,10
4194,2,500,10