58,2,500,10
164,2,500,10
132,2,500,10
411,2,500,10
316,2,500,10
425,2,500,10
311,2,500,10
363,2,500,10
141,2,500,10
289,2,500,10
452,2,500,10
344,2,500,10
275,2,500,10
342,2,500,10
263,2,500,10
325,2,500,10
595,2,500,10
579,2,500,10
285,2,500,10
611,2,500,10
561,2,500,10
260,2,500,10
151,2,500,10
105,2,500,10
198,2,500,10
194,2,500,10
591,2,500,10
542,2,500,10
386,2,500,10
368,2,500,10
492,2,500,10
316,2,500,10
353,2,500,10
502,2,500,10
487,2,500,10
468,2,500,10
260,2,500,10
265,2,500,10
314,2,500,10
256,2,500,10
240,2,500,10
226,2,500,10
429,2,500,10
350,2,500,10
117,2,500,10
342,2,500,10
308,2,500,10
552,2,500,10
440,2,500,10
142,2,500,10
302,2,500,10
331,2,500,10
213,2,500,10
198,2,500,10
279,2,500,10
167,2,500,10
376,2,500,10
309,2,500,10
280,2,500,10
232,2,500,10
284,2,500,10
365,2,500,10
197,2,500,10
166,2,500,10
100,2,500,10
284,2,500,10
133,2,500,10
102,2,500,10
332,2,500,10
318,2,500,10
302,2,500,10
373,2,500,10
323,2,500,10
298,2,500,10
247,2,500,10
126,2,500,10
479,2,500,10
430,2,500,10
492,2,500,10
459,2,500,10
251,2,500,10
221,2,500,10
487,2,500,10
477,2,500,10
491,2,500,10
145,2,500,10
417,2,500,10
497,2,500,10
485,2,500,10
578,2,500,10
512,2,500,10
576,2,500,10
178,2,500,10
160,2,500,10
115,2,500,10
532,2,500,10
326,2,500,10
312,2,500,10
387,2,500,10
369,2,500,10
469,2,500,10
422,2,500,10
408,2,500,10
443,2,500,10
491,2,500,10
377,2,500,10
350,2,500,10
301,2,500,10
390,2,500,10
345,2,500,10
402,2,500,10
321,2,500,10
300,2,500,10
331,2,500,10
284,2,500,10
170,2,500,10
301,2,500,10
239,2,500,10
225,2,500,10
376,2,500,10
329,2,500,10
476,2,500,10
441,2,500,10
222,2,500,10
203,2,500,10
397,2,500,10
378,2,500,10
476,2,500,10
299,2,500,10
375,2,500,10
304,2,500,10
424,2,500,10
412,2,500,10
321,2,500,10
528,2,500,10
405,2,500,10
439,2,500,10
423,2,500,10
374,2,500,10
356,2,500,10
339,2,500,10
470,2,500,10
573,2,500,10
534,2,500,10
726,2,500,10
681,2,500,10
664,2,500,10
603,2,500,10
540,2,500,10
457,2,500,10
442,2,500,10
701,2,500,10
672,2,500,10
574,2,500,10
667,2,500,10
730,2,500,10
604,2,500,10
467,2,500,10
833,2,500,10
707,2,500,10
611,2,500,10
551,2,500,10
439,2,500,10
402,2,500,10
372,2,500,10
339,2,500,10
727,2,500,10
662,2,500,10
750,2,500,10
704,2,500,10
671,2,500,10
716,2,500,10
701,2,500,10
552,2,500,10
828,2,500,10
715,2,500,10
433,2,500,10
741,2,500,10
662,2,500,10
379,2,500,10
437,2,500,10
408,2,500,10
898,2,500,10
864,2,500,10
867,2,500,10
827,2,500,10
813,2,500,10
750,2,500,10
808,2,500,10
776,2,500,10
713,2,500,10
589,2,500,10
567,2,500,10
792,2,500,10
693,2,500,10
666,2,500,10
492,2,500,10
634,2,500,10
643,2,500,10
636,2,500,10
421,2,500,10
405,2,500,10
614,2,500,10
887,2,500,10
874,2,500,10
859,2,500,10
904,2,500,10
651,2,500,10
999,2,500,10
757,2,500,10
413,2,500,10
540,2,500,10
677,2,500,10
311,2,500,10
777,2,500,10
663,2,500,10
548,2,500,10
647,2,500,10
538,2,500,10
665,2,500,10
601,2,500,10
298,2,500,10
498,2,500,10
372,2,500,10
830,2,500,10
869,2,500,10
412,2,500,10
1014,2,500,10
662,2,500,10
600,2,500,10
717,2,500,10
650,2,500,10
1063,2,500,10
995,2,500,10
468,2,500,10
304,2,500,10
339,2,500,10
1053,2,500,10
922,2,500,10
857,2,500,10
622,2,500,10
619,2,500,10
782,2,500,10
718,2,500,10
801,2,500,10
722,2,500,10
708,2,500,10
951,2,500,10
883,2,500,10
507,2,500,10
702,2,500,10
724,2,500,10
694,2,500,10
261,2,500,10
565,2,500,10
765,2,500,10
637,2,500,10
587,2,500,10
553,2,500,10
518,2,500,10
570,2,500,10
566,2,500,10
928,2,500,10
544,2,500,10
448,2,500,10
438,2,500,10
378,2,500,10
358,2,500,10
413,2,500,10
381,2,500,10
1104,2,500,10
1059,2,500,10
1141,2,500,10
1094,2,500,10
918,2,500,10
888,2,500,10
725,2,500,10
913,2,500,10
840,2,500,10
949,2,500,10
389,2,500,10
1089,2,500,10
931,2,500,10
804,2,500,10
872,2,500,10
1001,2,500,10
857,2,500,10
424,2,500,10
199,2,500,10
876,2,500,10
813,2,500,10
797,2,500,10
766,2,500,10
611,2,500,10
720,2,500,10
547,2,500,10
562,2,500,10
337,2,500,10
1047,2,500,10
740,2,500,10
1055,2,500,10
927,2,500,10
846,2,500,10
680,2,500,10
739,2,500,10
772,2,500,10
693,2,500,10
531,2,500,10
663,2,500,10
615,2,500,10
1182,2,500,10
1147,2,500,10
1116,2,500,10
861,2,500,10
388,2,500,10
792,2,500,10
713,2,500,10
533,2,500,10
591,2,500,10
820,2,500,10
610,2,500,10
469,2,500,10
768,2,500,10
719,2,500,10
704,2,500,10
782,2,500,10
699,2,500,10
656,2,500,10
546,2,500,10
436,2,500,10
635,2,500,10
618,2,500,10
362,2,500,10
461,2,500,10
412,2,500,10
615,2,500,10
519,2,500,10
631,2,500,10
1044,2,500,10
917,2,500,10
870,2,500,10
876,2,500,10
963,2,500,10
827,2,500,10
894,2,500,10
889,2,500,10
605,2,500,10
810,2,500,10
795,2,500,10
567,2,500,10
951,2,500,10
748,2,500,10
1000,2,500,10
990,2,500,10
975,2,500,10
943,2,500,10
516,2,500,10
921,2,500,10
717,2,500,10
620,2,500,10
913,2,500,10
798,2,500,10
637,2,500,10
719,2,500,10
885,2,500,10
836,2,500,10
781,2,500,10
722,2,500,10
996,2,500,10
982,2,500,10
933,2,500,10
963,2,500,10
711,2,500,10
693,2,500,10
647,2,500,10
646,2,500,10
986,2,500,10
1015,2,500,10
992,2,500,10
894,2,500,10
1400,2,500,10
1174,2,500,10
582,2,500,10
1225,2,500,10
1114,2,500,10
603,2,500,10
555,2,500,10
1354,2,500,10
826,2,500,10
781,2,500,10
734,2,500,10
660,2,500,10
638,2,500,10
1124,2,500,10
915,2,500,10
1141,2,500,10
949,2,500,10
1346,2,500,10
1248,2,500,10
1185,2,500,10
738,2,500,10
1513,2,500,10
1462,2,500,10
1305,2,500,10
1209,2,500,10
986,2,500,10
710,2,500,10
704,2,500,10
1694,2,500,10
1468,2,500,10
1659,2,500,10
1418,2,500,10
1354,2,500,10
1562,2,500,10
1417,2,500,10
1161,2,500,10
1696,2,500,10
1327,2,500,10
1265,2,500,10
1233,2,500,10
1023,2,500,10
989,2,500,10
930,2,500,10
752,2,500,10
1326,2,500,10
1291,2,500,10
1710,2,500,10
1665,2,500,10
1553,2,500,10
1359,2,500,10
944,2,500,10
927,2,500,10
1291,2,500,10
1244,2,500,10
1228,2,500,10
1195,2,500,10
1050,2,500,10
1065,2,500,10
2098,2,500,10
2048,2,500,10
1987,2,500,10
1875,2,500,10
1730,2,500,10
1522,2,500,10
1095,2,500,10
1141,2,500,10
1128,2,500,10
1284,2,500,10
1116,2,500,10
1110,2,500,10
1209,2,500,10
1072,2,500,10
705,2,500,10
1325,2,500,10
1299,2,500,10
1271,2,500,10
925,2,500,10
1155,2,500,10
1127,2,500,10
1152,2,500,10
1387,2,500,10
1226,2,500,10
1425,2,500,10
807,2,500,10
918,2,500,10
1208,2,500,10
1196,2,500,10
1181,2,500,10
1133,2,500,10
1023,2,500,10
1009,2,500,10
1652,2,500,10
1558,2,500,10
1301,2,500,10
1495,2,500,10
1383,2,500,10
1208,2,500,10
1157,2,500,10
1664,2,500,10
1614,2,500,10
1584,2,500,10
1435,2,500,10
1557,2,500,10
1526,2,500,10
1189,2,500,10
1099,2,500,10
1965,2,500,10
1578,2,500,10
1533,2,500,10
1502,2,500,10
1322,2,500,10
1417,2,500,10
1658,2,500,10
1468,2,500,10
2141,2,500,10
2009,2,500,10
1916,2,500,10
1739,2,500,10
1640,2,500,10
1529,2,500,10