112,2,500,10
118,2,500,10
107,2,500,10
96,2,500,10
175,2,500,10
159,2,500,10
129,2,500,10
91,2,500,10
157,2,500,10
123,2,500,10
142,2,500,10
159,2,500,10
106,2,500,10
95,2,500,10
80,2,500,10
107,2,500,10
137,2,500,10
109,2,500,10
86,2,500,10
133,2,500,10
107,2,500,10
136,2,500,10
123,2,500,10
112,2,500,10
129,2,500,10
121,2,500,10
92,2,500,10
107,2,500,10
68,2,500,10
82,2,500,10
147,2,500,10
243,2,500,10
229,2,500,10
213,2,500,10
185,2,500,10
182,2,500,10
280,2,500,10
112,2,500,10
174,2,500,10
126,2,500,10
242,2,500,10
181,2,500,10
132,2,500,10
197,2,500,10
127,2,500,10
127,2,500,10
143,2,500,10
172,2,500,10
141,2,500,10
192,2,500,10
166,2,500,10
237,2,500,10
128,2,500,10
174,2,500,10
134,2,500,10
151,2,500,10
205,2,500,10
126,2,500,10
205,2,500,10
164,2,500,10
139,2,500,10
176,2,500,10
178,2,500,10
148,2,500,10
136,2,500,10
183,2,500,10
165,2,500,10
173,2,500,10
250,2,500,10
333,2,500,10
222,2,500,10
305,2,500,10
240,2,500,10
307,2,500,10
295,2,500,10
325,2,500,10
233,2,500,10
264,2,500,10
290,2,500,10
263,2,500,10
331,2,500,10
252,2,500,10
278,2,500,10
260,2,500,10
362,2,500,10
267,2,500,10
366,2,500,10
332,2,500,10
318,2,500,10
273,2,500,10
258,2,500,10
201,2,500,10
184,2,500,10
215,2,500,10
194,2,500,10
267,2,500,10
281,2,500,10
578,2,500,10
560,2,500,10
612,2,500,10
664,2,500,10
619,2,500,10
601,2,500,10
283,2,500,10
740,2,500,10
691,2,500,10
660,2,500,10
547,2,500,10
678,2,500,10
567,2,500,10
326,2,500,10
601,2,500,10
505,2,500,10
765,2,500,10
620,2,500,10
486,2,500,10
916,2,500,10
772,2,500,10
724,2,500,10
675,2,500,10
614,2,500,10
457,2,500,10
666,2,500,10
602,2,500,10
540,2,500,10
875,2,500,10
779,2,500,10
638,2,500,10
571,2,500,10
497,2,500,10
933,2,500,10
870,2,500,10
620,2,500,10
478,2,500,10
380,2,500,10
517,2,500,10
502,2,500,10
428,2,500,10
622,2,500,10
537,2,500,10
407,2,500,10
511,2,500,10
579,2,500,10
482,2,500,10
452,2,500,10
634,2,500,10
620,2,500,10
508,2,500,10
541,2,500,10
433,2,500,10
513,2,500,10
564,2,500,10
550,2,500,10
598,2,500,10
539,2,500,10
493,2,500,10
462,2,500,10
442,2,500,10
377,2,500,10
606,2,500,10
558,2,500,10
553,2,500,10
474,2,500,10
409,2,500,10
572,2,500,10
626,2,500,10
600,2,500,10
539,2,500,10
521,2,500,10
504,2,500,10
474,2,500,10
393,2,500,10
682,2,500,10
637,2,500,10
492,2,500,10
542,2,500,10
603,2,500,10
675,2,500,10
583,2,500,10
457,2,500,10
408,2,500,10
400,2,500,10
645,2,500,10
613,2,500,10
745,2,500,10
519,2,500,10
488,2,500,10
569,2,500,10
555,2,500,10
540,2,500,10
506,2,500,10
444,2,500,10
485,2,500,10
364,2,500,10
384,2,500,10
567,2,500,10
541,2,500,10
511,2,500,10
638,2,500,10
452,2,500,10
580,2,500,10
517,2,500,10
644,2,500,10
612,2,500,10
548,2,500,10
634,2,500,10
516,2,500,10
557,2,500,10
509,2,500,10
394,2,500,10
693,2,500,10
583,2,500,10
537,2,500,10
638,2,500,10
666,2,500,10
572,2,500,10
560,2,500,10
445,2,500,10
486,2,500,10
489,2,500,10
447,2,500,10
622,2,500,10
606,2,500,10
525,2,500,10
784,2,500,10
563,2,500,10
481,2,500,10
437,2,500,10
559,2,500,10
748,2,500,10
657,2,500,10
627,2,500,10
677,2,500,10
851,2,500,10
684,2,500,10
826,2,500,10
883,2,500,10
907,2,500,10
874,2,500,10
806,2,500,10
956,2,500,10
908,2,500,10
747,2,500,10
1004,2,500,10
985,2,500,10
734,2,500,10
803,2,500,10
1071,2,500,10
910,2,500,10
881,2,500,10
1178,2,500,10
858,2,500,10
801,2,500,10
1148,2,500,10
1216,2,500,10
1072,2,500,10
1057,2,500,10
1006,2,500,10
1180,2,500,10
1114,2,500,10
989,2,500,10
905,2,500,10
949,2,500,10
789,2,500,10
1003,2,500,10
944,2,500,10
850,2,500,10
1112,2,500,10
1004,2,500,10
898,2,500,10
963,2,500,10
1323,2,500,10
1272,2,500,10
1185,2,500,10
1137,2,500,10
997,2,500,10
976,2,500,10
949,2,500,10
1072,2,500,10
1063,2,500,10
1535,2,500,10
970,2,500,10
1053,2,500,10
1174,2,500,10
1227,2,500,10
1165,2,500,10
1069,2,500,10
1384,2,500,10
1320,2,500,10
1000,2,500,10
1069,2,500,10
1063,2,500,10
1220,2,500,10
1123,2,500,10
1304,2,500,10
1210,2,500,10
1197,2,500,10
1060,2,500,10
1350,2,500,10
1098,2,500,10
1017,2,500,10
1116,2,500,10
1187,2,500,10
1300,2,500,10
1115,2,500,10
1385,2,500,10
1368,2,500,10
1037,2,500,10
1135,2,500,10
1088,2,500,10
1071,2,500,10
1175,2,500,10
1114,2,500,10
1196,2,500,10
1077,2,500,10
1291,2,500,10
1288,2,500,10
1386,2,500,10
1370,2,500,10
1400,2,500,10
1335,2,500,10
1276,2,500,10
1465,2,500,10
1390,2,500,10
1381,2,500,10
1480,2,500,10
1561,2,500,10
1693,2,500,10
1595,2,500,10
1517,2,500,10
1500,2,500,10
1436,2,500,10
1566,2,500,10
1742,2,500,10
1697,2,500,10
1568,2,500,10
1659,2,500,10
1611,2,500,10
1597,2,500,10
1897,2,500,10
1864,2,500,10
1885,2,500,10
1805,2,500,10
1842,2,500,10
2190,2,500,10
2362,2,500,10
2713,2,500,10
2523,2,500,10
2775,2,500,10
2917,2,500,10
2974,2,500,10
2953,2,500,10
2873,2,500,10
2884,2,500,10
2862,2,500,10
3035,2,500,10
2959,2,500,10
2878,2,500,10
3016,2,500,10
3098,2,500,10
3052,2,500,10
2970,2,500,10
2721,2,500,10
2611,2,500,10
2899,2,500,10
2768,2,500,10
2676,2,500,10
2628,2,500,10
2498,2,500,10
3225,2,500,10
3086,2,500,10
2930,2,500,10
2882,2,500,10
2849,2,500,10
2815,2,500,10
2792,2,500,10
3156,2,500,10
3109,2,500,10
3339,2,500,10
3195,2,500,10
3379,2,500,10
3260,2,500,10
3396,2,500,10
3344,2,500,10
2562,2,500,10
3269,2,500,10
3123,2,500,10
3094,2,500,10
3322,2,500,10
3195,2,500,10
3033,2,500,10
3315,2,500,10
3028,2,500,10
1873,2,500,10
2667,2,500,10
2328,2,500,10
2315,2,500,10
1876,2,500,10
1747,2,500,10
1412,2,500,10
1985,2,500,10
1697,2,500,10
1568,2,500,10
3601,2,500,10
3518,2,500,10
3200,2,500,10
2064,2,500,10
1678,2,500,10
3138,2,500,10
3042,2,500,10
2784,2,500,10
2750,2,500,10
2448,2,500,10
2402,2,500,10
2529,2,500,10
2001,2,500,10
1746,2,500,10
1731,2,500,10
1635,2,500,10
1521,2,500,10
2349,2,500,10
2188,2,500,10
2173,2,500,10
1823,2,500,10
1889,2,500,10
1873,2,500,10
2312,2,500,10
2295,2,500,10
2280,2,500,10
2071,2,500,10
2010,2,500,10
1958,2,500,10
1814,2,500,10
3136,2,500,10
2949,2,500,10
2726,2,500,10
1560,2,500,10
2351,2,500,10
2334,2,500,10
2000,2,500,10
1791,2,500,10
1742,2,500,10
1678,2,500,10
1631,2,500,10
2934,2,500,10
2581,2,500,10
2288,2,500,10
2156,2,500,10
2257,2,500,10
1983,2,500,10
1968,2,500,10
1901,2,500,10
1651,2,500,10
2843,2,500,10
2729,2,500,10
2681,2,500,10
2568,2,500,10
2457,2,500,10
2440,2,500,10
3099,2,500,10
3002,2,500,10
2890,2,500,10
2714,2,500,10
2493,2,500,10
1869,2,500,10
3531,2,500,10
3517,2,500,10
3430,2,500,10
3422,2,500,10
3324,2,500,10
2992,2,500,10
2943,2,500,10
2522,2,500,10
2476,2,500,10
2458,2,500,10
2349,2,500,10
2172,2,500,10
2060,2,500,10
3549,2,500,10
3132,2,500,10
3087,2,500,10
3519,2,500,10
3340,2,500,10
3325,2,500,10
3132,2,500,10
3036,2,500,10
2975,2,500,10
3634,2,500,10
3556,2,500,10
3521,2,500,10
3365,2,500,10
3254,2,500,10
3093,2,500,10
2816,2,500,10
2178,2,500,10
3810,2,500,10
3791,2,500,10
3281,2,500,10
3265,2,500,10
3202,2,500,10