128,2,500,10
171,2,500,10
110,2,500,10
192,2,500,10
162,2,500,10
147,2,500,10
101,2,500,10
84,2,500,10
78,2,500,10
77,2,500,10
75,2,500,10
92,2,500,10
104,2,500,10
122,2,500,10
109,2,500,10
161,2,500,10
116,2,500,10
137,2,500,10
144,2,500,10
95,2,500,10
115,2,500,10
168,2,500,10
144,2,500,10
86,2,500,10
134,2,500,10
152,2,500,10
119,2,500,10
84,2,500,10
102,2,500,10
124,2,500,10
236,2,500,10
198,2,500,10
163,2,500,10
249,2,500,10
232,2,500,10
169,2,500,10
280,2,500,10
201,2,500,10
158,2,500,10
112,2,500,10
144,2,500,10
129,2,500,10
115,2,500,10
212,2,500,10
121,2,500,10
140,2,500,10
167,2,500,10
190,2,500,10
206,2,500,10
224,2,500,10
138,2,500,10
212,2,500,10
151,2,500,10
230,2,500,10
169,2,500,10
126,2,500,10
223,2,500,10
145,2,500,10
114,2,500,10
187,2,500,10
137,2,500,10
143,2,500,10
129,2,500,10
135,2,500,10
170,2,500,10
247,2,500,10
188,2,500,10
150,2,500,10
118,2,500,10
274,2,500,10
246,2,500,10
220,2,500,10
302,2,500,10
268,2,500,10
288,2,500,10
324,2,500,10
265,2,500,10
228,2,500,10
280,2,500,10
330,2,500,10
154,2,500,10
251,2,500,10
379,2,500,10
362,2,500,10
410,2,500,10
264,2,500,10
319,2,500,10
272,2,500,10
247,2,500,10
218,2,500,10
273,2,500,10
259,2,500,10
395,2,500,10
361,2,500,10
454,2,500,10
514,2,500,10
437,2,500,10
536,2,500,10
656,2,500,10
591,2,500,10
575,2,500,10
638,2,500,10
561,2,500,10
515,2,500,10
348,2,500,10
692,2,500,10
451,2,500,10
583,2,500,10
517,2,500,10
329,2,500,10
684,2,500,10
619,2,500,10
605,2,500,10
759,2,500,10
694,2,500,10
684,2,500,10
909,2,500,10
869,2,500,10
707,2,500,10
581,2,500,10
518,2,500,10
824,2,500,10
953,2,500,10
924,2,500,10
908,2,500,10
682,2,500,10
669,2,500,10
558,2,500,10
491,2,500,10
467,2,500,10
883,2,500,10
677,2,500,10
646,2,500,10
460,2,500,10
638,2,500,10
589,2,500,10
585,2,500,10
486,2,500,10
471,2,500,10
624,2,500,10
512,2,500,10
658,2,500,10
592,2,500,10
564,2,500,10
513,2,500,10
402,2,500,10
465,2,500,10
527,2,500,10
449,2,500,10
661,2,500,10
552,2,500,10
491,2,500,10
681,2,500,10
634,2,500,10
571,2,500,10
379,2,500,10
458,2,500,10
443,2,500,10
396,2,500,10
381,2,500,10
428,2,500,10
416,2,500,10
504,2,500,10
700,2,500,10
734,2,500,10
602,2,500,10
542,2,500,10
526,2,500,10
393,2,500,10
436,2,500,10
414,2,500,10
475,2,500,10
686,2,500,10
494,2,500,10
462,2,500,10
430,2,500,10
668,2,500,10
592,2,500,10
562,2,500,10
583,2,500,10
471,2,500,10
789,2,500,10
726,2,500,10
693,2,500,10
613,2,500,10
743,2,500,10
712,2,500,10
534,2,500,10
485,2,500,10
468,2,500,10
425,2,500,10
526,2,500,10
366,2,500,10
399,2,500,10
550,2,500,10
536,2,500,10
409,2,500,10
345,2,500,10
428,2,500,10
397,2,500,10
591,2,500,10
549,2,500,10
517,2,500,10
486,2,500,10
406,2,500,10
407,2,500,10
374,2,500,10
392,2,500,10
475,2,500,10
455,2,500,10
411,2,500,10
362,2,500,10
490,2,500,10
426,2,500,10
380,2,500,10
576,2,500,10
530,2,500,10
421,2,500,10
403,2,500,10
571,2,500,10
397,2,500,10
561,2,500,10
371,2,500,10
638,2,500,10
606,2,500,10
621,2,500,10
592,2,500,10
720,2,500,10
703,2,500,10
480,2,500,10
666,2,500,10
690,2,500,10
627,2,500,10
933,2,500,10
864,2,500,10
837,2,500,10
729,2,500,10
755,2,500,10
944,2,500,10
619,2,500,10
983,2,500,10
663,2,500,10
940,2,500,10
891,2,500,10
875,2,500,10
650,2,500,10
593,2,500,10
1140,2,500,10
803,2,500,10
789,2,500,10
743,2,500,10
710,2,500,10
1137,2,500,10
917,2,500,10
599,2,500,10
630,2,500,10
601,2,500,10
1113,2,500,10
984,2,500,10
1290,2,500,10
1131,2,500,10
1083,2,500,10
1115,2,500,10
1066,2,500,10
905,2,500,10
1002,2,500,10
817,2,500,10
754,2,500,10
711,2,500,10
662,2,500,10
663,2,500,10
889,2,500,10
928,2,500,10
908,2,500,10
692,2,500,10
839,2,500,10
759,2,500,10
792,2,500,10
696,2,500,10
1337,2,500,10
1193,2,500,10
1163,2,500,10
1065,2,500,10
1036,2,500,10
585,2,500,10
734,2,500,10
780,2,500,10
739,2,500,10
1010,2,500,10
929,2,500,10
867,2,500,10
863,2,500,10
704,2,500,10
792,2,500,10
1632,2,500,10
1534,2,500,10
999,2,500,10
722,2,500,10
844,2,500,10
756,2,500,10
728,2,500,10
679,2,500,10
712,2,500,10
765,2,500,10
705,2,500,10
839,2,500,10
699,2,500,10
776,2,500,10
841,2,500,10
1113,2,500,10
951,2,500,10
1135,2,500,10
1040,2,500,10
882,2,500,10
923,2,500,10
864,2,500,10
935,2,500,10
840,2,500,10
823,2,500,10
960,2,500,10
941,2,500,10
860,2,500,10
828,2,500,10
800,2,500,10
848,2,500,10
869,2,500,10
786,2,500,10
774,2,500,10
890,2,500,10
992,2,500,10
927,2,500,10
986,2,500,10
1098,2,500,10
1031,2,500,10
1018,2,500,10
921,2,500,10
842,2,500,10
1065,2,500,10
972,2,500,10
1051,2,500,10
987,2,500,10
923,2,500,10
907,2,500,10
1161,2,500,10
1143,2,500,10
1089,2,500,10
1274,2,500,10
1293,2,500,10
1503,2,500,10
1311,2,500,10
1089,2,500,10
1190,2,500,10
1616,2,500,10
1486,2,500,10
1295,2,500,10
1229,2,500,10
1180,2,500,10
1164,2,500,10
1236,2,500,10
1157,2,500,10
1229,2,500,10
1559,2,500,10
1382,2,500,10
1353,2,500,10
1337,2,500,10
1339,2,500,10
1477,2,500,10
1698,2,500,10
1692,2,500,10
1676,2,500,10
1711,2,500,10
1684,2,500,10
1791,2,500,10
1709,2,500,10
1945,2,500,10
2161,2,500,10
2010,2,500,10
2231,2,500,10
2247,2,500,10
2184,2,500,10
2449,2,500,10
2437,2,500,10
2339,2,500,10
2325,2,500,10
2510,2,500,10
2530,2,500,10
2482,2,500,10
2597,2,500,10
2519,2,500,10
2392,2,500,10
2514,2,500,10
2447,2,500,10
2384,2,500,10
2650,2,500,10
2501,2,500,10
2663,2,500,10
2771,2,500,10
2755,2,500,10
2651,2,500,10
2753,2,500,10
2880,2,500,10
2868,2,500,10
2757,2,500,10
2405,2,500,10
2358,2,500,10
2873,2,500,10
1920,2,500,10
1569,2,500,10
1748,2,500,10
1649,2,500,10
1444,2,500,10
2720,2,500,10
2690,2,500,10
3028,2,500,10
2432,2,500,10
2303,2,500,10
2235,2,500,10
1950,2,500,10
1692,2,500,10
2576,2,500,10
2114,2,500,10
1825,2,500,10
1765,2,500,10
1714,2,500,10
2427,2,500,10
2380,2,500,10
2235,2,500,10
2107,2,500,10
1869,2,500,10
2544,2,500,10
2369,2,500,10
1933,2,500,10
1825,2,500,10
1585,2,500,10
2146,2,500,10
1697,2,500,10
2296,2,500,10
2215,2,500,10
1769,2,500,10
1671,2,500,10
2935,2,500,10
2570,2,500,10
1696,2,500,10
1565,2,500,10
2691,2,500,10
2462,2,500,10
2399,2,500,10
2272,2,500,10
1840,2,500,10
1615,2,500,10
2352,2,500,10
1968,2,500,10
2665,2,500,10
3084,2,500,10
3064,2,500,10
2828,2,500,10
2751,2,500,10
2575,2,500,10
2432,2,500,10
2320,2,500,10
1855,2,500,10
3051,2,500,10
2985,2,500,10
2954,2,500,10
3310,2,500,10
3198,2,500,10
3035,2,500,10
2873,2,500,10
2842,2,500,10
2555,2,500,10
2425,2,500,10
2412,2,500,10
2392,2,500,10
2378,2,500,10
2365,2,500,10
2332,2,500,10
2269,2,500,10
3228,2,500,10
3195,2,500,10
3502,2,500,10
3404,2,500,10
3343,2,500,10
3326,2,500,10
3229,2,500,10
3215,2,500,10
3183,2,500,10
3020,2,500,10
3583,2,500,10
3456,2,500,10
3429,2,500,10
3071,2,500,10
3042,2,500,10
2911,2,500,10
2864,2,500,10
2753,2,500,10
2656,2,500,10
2448,2,500,10
2241,2,500,10
2226,2,500,10
3856,2,500,10