239,2,500,10
262,2,500,10
245,2,500,10
306,2,500,10
260,2,500,10
274,2,500,10
291,2,500,10
245,2,500,10
177,2,500,10
228,2,500,10
163,2,500,10
214,2,500,10
199,2,500,10
237,2,500,10
258,2,500,10
243,2,500,10
158,2,500,10
110,2,500,10
246,2,500,10
214,2,500,10
182,2,500,10
108,2,500,10
155,2,500,10
82,2,500,10
85,2,500,10
73,2,500,10
70,2,500,10
77,2,500,10
76,2,500,10
63,2,500,10
79,2,500,10
119,2,500,10
126,2,500,10
191,2,500,10
121,2,500,10
185,2,500,10
167,2,500,10
98,2,500,10
146,2,500,10
114,2,500,10
77,2,500,10
77,2,500,10
114,2,500,10
79,2,500,10
71,2,500,10
90,2,500,10
78,2,500,10
63,2,500,10
82,2,500,10
858,0,500,10
729,0,500,10
699,0,500,10
633,0,500,10
586,0,500,10
571,0,500,10
506,0,500,10
119,2,500,10
138,2,500,10
129,2,500,10
124,2,500,10
106,2,500,10
77,2,500,10
99,2,500,10
71,2,500,10
68,2,500,10
76,2,500,10
75,2,500,10
75,2,500,10
108,2,500,10
90,2,500,10
90,2,500,10
100,2,500,10
83,2,500,10
109,2,500,10
116,2,500,10
111,2,500,10
133,2,500,10
120,2,500,10
104,2,500,10
122,2,500,10
125,2,500,10
126,2,500,10
163,2,500,10
148,2,500,10
120,2,500,10
115,2,500,10
115,2,500,10
122,2,500,10
106,2,500,10
171,2,500,10
202,2,500,10
189,2,500,10
159,2,500,10
155,2,500,10
193,2,500,10
160,2,500,10
145,2,500,10
114,2,500,10
110,2,500,10
95,2,500,10
149,2,500,10
104,2,500,10
104,2,500,10
121,2,500,10
129,2,500,10
114,2,500,10
117,2,500,10
96,2,500,10
112,2,500,10
110,2,500,10
125,2,500,10
109,2,500,10
94,2,500,10
110,2,500,10
154,2,500,10
124,2,500,10
108,2,500,10
142,2,500,10
146,2,500,10
136,2,500,10
105,2,500,10
120,2,500,10
135,2,500,10
109,2,500,10
126,2,500,10
97,2,500,10
142,2,500,10
111,2,500,10
99,2,500,10
82,2,500,10
131,2,500,10
102,2,500,10
159,2,500,10
125,2,500,10
108,2,500,10
96,2,500,10
78,2,500,10
147,2,500,10
108,2,500,10
94,2,500,10
127,2,500,10
113,2,500,10
199,2,500,10
181,2,500,10
111,2,500,10
105,2,500,10
158,2,500,10
145,2,500,10
109,2,500,10
131,2,500,10
193,2,500,10
214,2,500,10
230,2,500,10
203,2,500,10
227,2,500,10
319,2,500,10
287,2,500,10
271,2,500,10
208,2,500,10
303,2,500,10
226,2,500,10
338,2,500,10
245,2,500,10
216,2,500,10
235,2,500,10
280,2,500,10
267,2,500,10
204,2,500,10
185,2,500,10
225,2,500,10
217,2,500,10
281,2,500,10
267,2,500,10
308,2,500,10
223,2,500,10
197,2,500,10
259,2,500,10
292,2,500,10
172,2,500,10
224,2,500,10
209,2,500,10
322,2,500,10
205,2,500,10
304,2,500,10
270,2,500,10
255,2,500,10
237,2,500,10
223,2,500,10
192,2,500,10
178,2,500,10
258,2,500,10
242,2,500,10
213,2,500,10
178,2,500,10
201,2,500,10
188,2,500,10
268,2,500,10
250,2,500,10
221,2,500,10
238,2,500,10
208,2,500,10
227,2,500,10
309,2,500,10
234,2,500,10
301,2,500,10
287,2,500,10
326,2,500,10
200,2,500,10
316,2,500,10
299,2,500,10
252,2,500,10
368,2,500,10
337,2,500,10
273,2,500,10
352,2,500,10
323,2,500,10
341,2,500,10
293,2,500,10
357,2,500,10
312,2,500,10
444,2,500,10
429,2,500,10
381,2,500,10
366,2,500,10
336,2,500,10
352,2,500,10
322,2,500,10
260,2,500,10
293,2,500,10
345,2,500,10
329,2,500,10
283,2,500,10
316,2,500,10
368,2,500,10
403,2,500,10
263,2,500,10
315,2,500,10
271,2,500,10
303,2,500,10
368,2,500,10
317,2,500,10
353,2,500,10
335,2,500,10
329,2,500,10
412,2,500,10
348,2,500,10
208,2,500,10
129,2,500,10
258,2,500,10
233,2,500,10
243,2,500,10
226,2,500,10
192,2,500,10
215,2,500,10
394,2,500,10
346,2,500,10
379,2,500,10
363,2,500,10
328,2,500,10
297,2,500,10
175,2,500,10
230,2,500,10
196,2,500,10
182,2,500,10
166,2,500,10
134,2,500,10
213,2,500,10
197,2,500,10
245,2,500,10
165,2,500,10
156,2,500,10
137,2,500,10
173,2,500,10
211,2,500,10
194,2,500,10
117,2,500,10
126,2,500,10
161,2,500,10
172,2,500,10
98,2,500,10
133,2,500,10
184,2,500,10
167,2,500,10
135,2,500,10
146,2,500,10
149,2,500,10
116,2,500,10
185,2,500,10
204,2,500,10
174,2,500,10
181,2,500,10
170,2,500,10
154,2,500,10
168,2,500,10
188,2,500,10
208,2,500,10
176,2,500,10
230,2,500,10
199,2,500,10
315,2,500,10
298,2,500,10
266,2,500,10
228,2,500,10
196,2,500,10
279,2,500,10
261,2,500,10
244,2,500,10
234,2,500,10
272,2,500,10
224,2,500,10
242,2,500,10
278,2,500,10
346,2,500,10
312,2,500,10
297,2,500,10
368,2,500,10
337,2,500,10
286,2,500,10
366,2,500,10
350,2,500,10
315,2,500,10
253,2,500,10
204,2,500,10
372,2,500,10
276,2,500,10
411,2,500,10
219,2,500,10
461,2,500,10
412,2,500,10
318,2,500,10
433,2,500,10
401,2,500,10
371,2,500,10
300,2,500,10
251,2,500,10
270,2,500,10
161,2,500,10
264,2,500,10
237,2,500,10
259,2,500,10
369,2,500,10
339,2,500,10
209,2,500,10
229,2,500,10
333,2,500,10
302,2,500,10
253,2,500,10
276,2,500,10
261,2,500,10
252,2,500,10
305,2,500,10
239,2,500,10
193,2,500,10
175,2,500,10
274,2,500,10
211,2,500,10
324,2,500,10
228,2,500,10
293,2,500,10
187,2,500,10
381,2,500,10
211,2,500,10
170,2,500,10
209,2,500,10
258,2,500,10
182,2,500,10
228,2,500,10
200,2,500,10
213,2,500,10
190,2,500,10
250,2,500,10
245,2,500,10
277,2,500,10
260,2,500,10
277,2,500,10
267,2,500,10
255,2,500,10
240,2,500,10
279,2,500,10
309,2,500,10
291,2,500,10
230,2,500,10
219,2,500,10
252,2,500,10
317,2,500,10
301,2,500,10
395,2,500,10
379,2,500,10
412,2,500,10
334,2,500,10
352,2,500,10
319,2,500,10
370,2,500,10
326,2,500,10
305,2,500,10
436,2,500,10
401,2,500,10
420,2,500,10
321,2,500,10
342,2,500,10
379,2,500,10
317,2,500,10
251,2,500,10
125,2,500,10
384,2,500,10
211,2,500,10
338,2,500,10
307,2,500,10
292,2,500,10
365,2,500,10
251,2,500,10
233,2,500,10
180,2,500,10
198,2,500,10
407,2,500,10
314,2,500,10
296,2,500,10
153,2,500,10
118,2,500,10
200,2,500,10
184,2,500,10
227,2,500,10
228,2,500,10
251,2,500,10
341,2,500,10
300,2,500,10
366,2,500,10
351,2,500,10
393,2,500,10
379,2,500,10
344,2,500,10
330,2,500,10
191,2,500,10
379,2,500,10
346,2,500,10
299,2,500,10
267,2,500,10
238,2,500,10
436,2,500,10
309,2,500,10
293,2,500,10
473,2,500,10
409,2,500,10
395,2,500,10
360,2,500,10
331,2,500,10
295,2,500,10
330,2,500,10
286,2,500,10
220,2,500,10
343,2,500,10
279,2,500,10
332,2,500,10
316,2,500,10
337,2,500,10
259,2,500,10
227,2,500,10
410,2,500,10
394,2,500,10
376,2,500,10
342,2,500,10
310,2,500,10
382,2,500,10
367,2,500,10
334,2,500,10
440,2,500,10
409,2,500,10
335,2,500,10
418,2,500,10
371,2,500,10
290,2,500,10
277,2,500,10
391,2,500,10
435,2,500,10
402,2,500,10
391,2,500,10
528,2,500,10
499,2,500,10
308,2,500,10
399,2,500,10
367,2,500,10
384,2,500,10
344,2,500,10
264,2,500,10
233,2,500,10
217,2,500,10
382,2,500,10
256,2,500,10
405,2,500,10
371,2,500,10
208,2,500,10
198,2,500,10
166,2,500,10
345,2,500,10
312,2,500,10
208,2,500,10
159,2,500,10
177,2,500,10
362,2,500,10
327,2,500,10