137,2,500,10
123,2,500,10
109,2,500,10
170,2,500,10
221,2,500,10
250,2,500,10
218,2,500,10
312,2,500,10
241,2,500,10
228,2,500,10
342,2,500,10
312,2,500,10
340,2,500,10
274,2,500,10
183,2,500,10
276,2,500,10
250,2,500,10
353,2,500,10
339,2,500,10
405,2,500,10
393,2,500,10
427,2,500,10
474,2,500,10
501,2,500,10
303,2,500,10
527,2,500,10
526,2,500,10
151,2,500,10
589,2,500,10
445,2,500,10
128,2,500,10
546,2,500,10
496,2,500,10
451,2,500,10
309,2,500,10
327,2,500,10
441,2,500,10
468,2,500,10
550,2,500,10
598,2,500,10
446,2,500,10
431,2,500,10
350,2,500,10
337,2,500,10
422,2,500,10
287,2,500,10
721,2,500,10
692,2,500,10
628,2,500,10
524,2,500,10
478,2,500,10
444,2,500,10
428,2,500,10
421,2,500,10
318,2,500,10
584,2,500,10
536,2,500,10
647,2,500,10
468,2,500,10
311,2,500,10
295,2,500,10
504,2,500,10
1120,2,500,10
1006,2,500,10
510,2,500,10
383,2,500,10
439,2,500,10
396,2,500,10
382,2,500,10
687,2,500,10
357,2,500,10
687,2,500,10
546,2,500,10
714,2,500,10
677,2,500,10
662,2,500,10
551,2,500,10
536,2,500,10
680,2,500,10
663,2,500,10
493,2,500,10
443,2,500,10
355,2,500,10
600,2,500,10
507,2,500,10
652,2,500,10
691,2,500,10
676,2,500,10
595,2,500,10
564,2,500,10
439,2,500,10
1005,2,500,10
991,2,500,10
400,2,500,10
371,2,500,10
716,2,500,10
478,2,500,10
405,2,500,10
498,2,500,10
465,2,500,10
597,2,500,10
627,2,500,10
422,2,500,10
637,2,500,10
589,2,500,10
461,2,500,10
368,2,500,10
371,2,500,10
209,2,500,10
457,2,500,10
512,2,500,10
494,2,500,10
331,2,500,10
412,2,500,10
347,2,500,10
430,2,500,10
418,2,500,10
1398,2,500,10
566,2,500,10
428,2,500,10
711,2,500,10
725,2,500,10
548,2,500,10
515,2,500,10
726,2,500,10
608,2,500,10
641,2,500,10
1745,2,500,10
1520,2,500,10
1206,2,500,10
1127,2,500,10
948,2,500,10
900,2,500,10
1078,2,500,10
1816,2,500,10
1703,2,500,10
1527,2,500,10
995,2,500,10
1018,2,500,10
842,2,500,10
997,2,500,10
899,2,500,10
980,2,500,10
972,2,500,10
750,2,500,10
814,2,500,10
1258,2,500,10
1241,2,500,10
1225,2,500,10
1067,2,500,10
1127,2,500,10
1122,2,500,10
824,2,500,10
1158,2,500,10
1056,2,500,10
1320,2,500,10
1052,2,500,10
843,2,500,10
1352,2,500,10
1305,2,500,10
1256,2,500,10
952,2,500,10
870,2,500,10
1084,2,500,10
1405,2,500,10
977,2,500,10
968,2,500,10
953,2,500,10
1364,2,500,10
1389,2,500,10
1058,2,500,10
1682,2,500,10
1079,2,500,10
1059,2,500,10
1160,2,500,10
1465,2,500,10
904,2,500,10
1779,2,500,10
1031,2,500,10
967,2,500,10
846,2,500,10
670,2,500,10
1245,2,500,10
1184,2,500,10
1170,2,500,10
1125,2,500,10
915,2,500,10
1305,2,500,10
658,2,500,10
643,2,500,10
580,2,500,10
1512,2,500,10
1354,2,500,10
1131,2,500,10
1545,2,500,10
1497,2,500,10
1289,2,500,10
730,2,500,10
597,2,500,10
1111,2,500,10
1066,2,500,10
875,2,500,10
1048,2,500,10
1015,2,500,10
629,2,500,10
505,2,500,10
588,2,500,10
1839,2,500,10
1775,2,500,10
1552,2,500,10
1384,2,500,10
1406,2,500,10
449,2,500,10
1340,2,500,10
644,2,500,10
378,2,500,10
313,2,500,10
746,2,500,10
584,2,500,10
450,2,500,10
2469,2,500,10
2452,2,500,10
2294,2,500,10
2216,2,500,10
1369,2,500,10
1273,2,500,10
1193,2,500,10
969,2,500,10
951,2,500,10
564,2,500,10
420,2,500,10
1380,2,500,10
1124,2,500,10
655,2,500,10
1318,2,500,10
1290,2,500,10
1194,2,500,10
1144,2,500,10
710,2,500,10
952,2,500,10
857,2,500,10
715,2,500,10
631,2,500,10
1165,2,500,10
942,2,500,10
770,2,500,10
2503,2,500,10
2722,2,500,10
2626,2,500,10
737,2,500,10
2529,2,500,10
2448,2,500,10
2307,2,500,10
2273,2,500,10
2175,2,500,10
2168,2,500,10
2040,2,500,10
1995,2,500,10
780,2,500,10
805,2,500,10
639,2,500,10
546,2,500,10
514,2,500,10
856,2,500,10
2220,2,500,10
2060,2,500,10
2012,2,500,10
1410,2,500,10
1329,2,500,10
1265,2,500,10
1137,2,500,10
990,2,500,10
1252,2,500,10
906,2,500,10
846,2,500,10
672,2,500,10
840,2,500,10
554,2,500,10
541,2,500,10
821,2,500,10
791,2,500,10
911,2,500,10
888,2,500,10
582,2,500,10
566,2,500,10
506,2,500,10
811,2,500,10
1125,2,500,10
1094,2,500,10
746,2,500,10
920,2,500,10
2296,2,500,10
2232,2,500,10
1894,2,500,10
2328,2,500,10
2278,2,500,10
2120,2,500,10
1878,2,500,10
1768,2,500,10
1654,2,500,10
1447,2,500,10
1862,2,500,10
1783,2,500,10
516,2,500,10
2543,2,500,10
2433,2,500,10
2175,2,500,10
2129,2,500,10
1727,2,500,10
1632,2,500,10
750,2,500,10
1112,2,500,10
1226,2,500,10
1342,2,500,10
1154,2,500,10
1120,2,500,10
1217,2,500,10
1096,2,500,10
881,2,500,10
688,2,500,10
1318,2,500,10
1386,2,500,10
718,2,500,10
685,2,500,10
655,2,500,10
617,2,500,10
1390,2,500,10
544,2,500,10
1631,2,500,10
1551,2,500,10
1358,2,500,10
1786,2,500,10
1704,2,500,10
1563,2,500,10
1263,2,500,10
1140,2,500,10
1128,2,500,10
2004,2,500,10
1398,2,500,10
1505,2,500,10
1379,2,500,10
1156,2,500,10
1517,2,500,10
943,2,500,10
1403,2,500,10
1018,2,500,10
1413,2,500,10
912,2,500,10
1093,2,500,10
1047,2,500,10
1014,2,500,10
1831,2,500,10
1783,2,500,10
1318,2,500,10
1048,2,500,10
1014,2,500,10
1618,2,500,10
1586,2,500,10
1478,2,500,10
1335,2,500,10
1851,2,500,10
932,2,500,10
1721,2,500,10
1499,2,500,10
1370,2,500,10
1561,2,500,10
1907,2,500,10
1601,2,500,10
1444,2,500,10
1700,2,500,10
1426,2,500,10
1770,2,500,10
1526,2,500,10
1626,2,500,10
1609,2,500,10
1374,2,500,10
1334,2,500,10
1351,2,500,10
1304,2,500,10
1177,2,500,10
2464,2,500,10
2447,2,500,10
2287,2,500,10
2223,2,500,10
2175,2,500,10
1776,2,500,10
2045,2,500,10
1646,2,500,10
1149,2,500,10
1635,2,500,10
1621,2,500,10
1695,2,500,10
1696,2,500,10
1800,2,500,10
1759,2,500,10
1696,2,500,10
1584,2,500,10
1521,2,500,10
1776,2,500,10
1957,2,500,10
1759,2,500,10
1549,2,500,10
1537,2,500,10
1391,2,500,10
2467,2,500,10
2416,2,500,10
2090,2,500,10
1835,2,500,10
2053,2,500,10
1956,2,500,10
1639,2,500,10
1582,2,500,10
1735,2,500,10
1701,2,500,10
1623,2,500,10
1492,2,500,10
2010,2,500,10
1688,2,500,10
1969,2,500,10
2216,2,500,10
2122,2,500,10
1558,2,500,10
1916,2,500,10
1776,2,500,10
1836,2,500,10
2108,2,500,10
1720,2,500,10
2535,2,500,10
1968,2,500,10
2666,2,500,10
1544,2,500,10
1097,2,500,10
1066,2,500,10
1786,2,500,10
1801,2,500,10
1575,2,500,10
1286,2,500,10
1800,2,500,10
1436,2,500,10
1354,2,500,10
1766,2,500,10
1748,2,500,10
1735,2,500,10
1687,2,500,10
1509,2,500,10
1459,2,500,10
1190,2,500,10
1585,2,500,10
1297,2,500,10
1827,2,500,10
1664,2,500,10
1649,2,500,10
1298,2,500,10
2356,2,500,10
2375,2,500,10
2151,2,500,10
1720,2,500,10
1674,2,500,10
1467,2,500,10
1449,2,500,10
2463,2,500,10
2385,2,500,10
2016,2,500,10
1888,2,500,10
1777,2,500,10
1714,2,500,10
1550,2,500,10
1537,2,500,10
2549,2,500,10
2330,2,500,10
2264,2,500,10
2188,2,500,10
1994,2,500,10
2115,2,500,10
2036,2,500,10
2018,2,500,10
1748,2,500,10
1700,2,500,10
1587,2,500,10
2583,2,500,10
1899,2,500,10
3429,2,500,10
3331,2,500,10
3205,2,500,10
2797,2,500,10
2715,2,500,10
2668,2,500,10
2540,2,500,10
2442,2,500,10
3119,2,500,10
2848,2,500,10
2270,2,500,10
1999,2,500,10
3107,2,500,10
3029,2,500,10
2979,2,500,10
3504,2,500,10
2583,2,500,10
2990,2,500,10
2398,2,500,10