112,2,500,10
153,2,500,10
171,2,500,10
290,2,500,10
191,2,500,10
334,2,500,10
196,2,500,10
341,2,500,10
202,2,500,10
134,2,500,10
123,2,500,10
373,2,500,10
341,2,500,10
390,2,500,10
365,2,500,10
117,2,500,10
330,2,500,10
364,2,500,10
268,2,500,10
241,2,500,10
310,2,500,10
263,2,500,10
114,2,500,10
392,2,500,10
458,2,500,10
331,2,500,10
339,2,500,10
292,2,500,10
195,2,500,10
244,2,500,10
325,2,500,10
123,2,500,10
277,2,500,10
309,2,500,10
210,2,500,10
209,2,500,10
263,2,500,10
193,2,500,10
135,2,500,10
267,2,500,10
262,2,500,10
198,2,500,10
265,2,500,10
282,2,500,10
233,2,500,10
315,2,500,10
298,2,500,10
214,2,500,10
351,2,500,10
315,2,500,10
335,2,500,10
311,2,500,10
166,2,500,10
220,2,500,10
400,2,500,10
383,2,500,10
367,2,500,10
340,2,500,10
275,2,500,10
309,2,500,10
130,2,500,10
500,2,500,10
331,2,500,10
461,2,500,10
327,2,500,10
329,2,500,10
441,2,500,10
412,2,500,10
119,2,500,10
180,2,500,10
157,2,500,10
371,2,500,10
422,2,500,10
143,2,500,10
402,2,500,10
451,2,500,10
385,2,500,10
356,2,500,10
284,2,500,10
282,2,500,10
442,2,500,10
346,2,500,10
335,2,500,10
235,2,500,10
188,2,500,10
413,2,500,10
329,2,500,10
298,2,500,10
335,2,500,10
330,2,500,10
297,2,500,10
425,2,500,10
241,2,500,10
185,2,500,10
488,2,500,10
282,2,500,10
525,2,500,10
469,2,500,10
425,2,500,10
393,2,500,10
511,2,500,10
250,2,500,10
479,2,500,10
415,2,500,10
369,2,500,10
339,2,500,10
326,2,500,10
199,2,500,10
117,2,500,10
537,2,500,10
472,2,500,10
164,2,500,10
347,2,500,10
328,2,500,10
281,2,500,10
249,2,500,10
326,2,500,10
243,2,500,10
657,2,500,10
345,2,500,10
274,2,500,10
649,2,500,10
505,2,500,10
424,2,500,10
272,2,500,10
408,2,500,10
601,2,500,10
638,2,500,10
633,2,500,10
950,2,500,10
921,2,500,10
834,2,500,10
698,2,500,10
762,2,500,10
844,2,500,10
892,2,500,10
861,2,500,10
1091,2,500,10
966,2,500,10
1063,2,500,10
875,2,500,10
953,2,500,10
868,2,500,10
709,2,500,10
690,2,500,10
1269,2,500,10
1222,2,500,10
1188,2,500,10
1045,2,500,10
717,2,500,10
623,2,500,10
1043,2,500,10
980,2,500,10
962,2,500,10
933,2,500,10
1048,2,500,10
1065,2,500,10
971,2,500,10
1070,2,500,10
1055,2,500,10
881,2,500,10
1012,2,500,10
963,2,500,10
1033,2,500,10
779,2,500,10
962,2,500,10
1049,2,500,10
1039,2,500,10
929,2,500,10
818,2,500,10
1236,2,500,10
1353,2,500,10
955,2,500,10
828,2,500,10
718,2,500,10
1045,2,500,10
981,2,500,10
932,2,500,10
778,2,500,10
796,2,500,10
1130,2,500,10
1001,2,500,10
939,2,500,10
922,2,500,10
905,2,500,10
606,2,500,10
707,2,500,10
920,2,500,10
663,2,500,10
704,2,500,10
622,2,500,10
690,2,500,10
675,2,500,10
1097,2,500,10
882,2,500,10
798,2,500,10
920,2,500,10
1114,2,500,10
1003,2,500,10
987,2,500,10
972,2,500,10
906,2,500,10
1036,2,500,10
846,2,500,10
830,2,500,10
1124,2,500,10
1145,2,500,10
977,2,500,10
868,2,500,10
888,2,500,10
1257,2,500,10
1048,2,500,10
1037,2,500,10
809,2,500,10
845,2,500,10
796,2,500,10
762,2,500,10
778,2,500,10
1066,2,500,10
1138,2,500,10
882,2,500,10
951,2,500,10
998,2,500,10
932,2,500,10
1157,2,500,10
1124,2,500,10
1045,2,500,10
1190,2,500,10
901,2,500,10
1107,2,500,10
896,2,500,10
1010,2,500,10
934,2,500,10
890,2,500,10
868,2,500,10
1188,2,500,10
886,2,500,10
870,2,500,10
765,2,500,10
748,2,500,10
942,2,500,10
1344,2,500,10
940,2,500,10
792,2,500,10
1110,2,500,10
1231,2,500,10
1218,2,500,10
1118,2,500,10
1102,2,500,10
1200,2,500,10
1061,2,500,10
1157,2,500,10
1176,2,500,10
1099,2,500,10
1036,2,500,10
1076,2,500,10
1000,2,500,10
987,2,500,10
1015,2,500,10
983,2,500,10
1175,2,500,10
1094,2,500,10
1211,2,500,10
1228,2,500,10
1196,2,500,10
1297,2,500,10
1266,2,500,10
1366,2,500,10
852,2,500,10
1156,2,500,10
918,2,500,10
871,2,500,10
1454,2,500,10
791,2,500,10
1349,2,500,10
1334,2,500,10
1189,2,500,10
631,2,500,10
939,2,500,10
848,2,500,10
692,2,500,10
1212,2,500,10
1180,2,500,10
1022,2,500,10
939,2,500,10
922,2,500,10
561,2,500,10
626,2,500,10
454,2,500,10
1069,2,500,10
430,2,500,10
1255,2,500,10
1327,2,500,10
1164,2,500,10
314,2,500,10
1471,2,500,10
1229,2,500,10
767,2,500,10
1516,2,500,10
1438,2,500,10
291,2,500,10
1318,2,500,10
720,2,500,10
1192,2,500,10
666,2,500,10
556,2,500,10
646,2,500,10
632,2,500,10
1127,2,500,10
919,2,500,10
887,2,500,10
824,2,500,10
413,2,500,10
436,2,500,10
1561,2,500,10
1483,2,500,10
505,2,500,10
1853,2,500,10
1822,2,500,10
1643,2,500,10
1357,2,500,10
1309,2,500,10
1278,2,500,10
1787,2,500,10
1227,2,500,10
1367,2,500,10
854,2,500,10
821,2,500,10
1084,2,500,10
990,2,500,10
910,2,500,10
523,2,500,10
1073,2,500,10
1299,2,500,10
1136,2,500,10
737,2,500,10
529,2,500,10
1448,2,500,10
1226,2,500,10
873,2,500,10
811,2,500,10
602,2,500,10
493,2,500,10
365,2,500,10
1824,2,500,10
1487,2,500,10
1377,2,500,10
1220,2,500,10
1123,2,500,10
916,2,500,10
867,2,500,10
1541,2,500,10
1413,2,500,10
978,2,500,10
852,2,500,10
315,2,500,10
1130,2,500,10
797,2,500,10
280,2,500,10
869,2,500,10
790,2,500,10
759,2,500,10
844,2,500,10
797,2,500,10
459,2,500,10
636,2,500,10
953,2,500,10
842,2,500,10
540,2,500,10
756,2,500,10
627,2,500,10
775,2,500,10
760,2,500,10
692,2,500,10
534,2,500,10
568,2,500,10
536,2,500,10
793,2,500,10
729,2,500,10
488,2,500,10
643,2,500,10
710,2,500,10
1097,2,500,10
925,2,500,10
830,2,500,10
764,2,500,10
750,2,500,10
1071,2,500,10
1057,2,500,10
708,2,500,10
701,2,500,10
827,2,500,10
842,2,500,10
715,2,500,10
670,2,500,10
485,2,500,10
584,2,500,10
566,2,500,10
503,2,500,10
337,2,500,10
330,2,500,10
711,2,500,10
814,2,500,10
888,2,500,10
1224,2,500,10
1062,2,500,10
1017,2,500,10
1196,2,500,10
1143,2,500,10
999,2,500,10
872,2,500,10
839,2,500,10
791,2,500,10
1029,2,500,10
759,2,500,10
713,2,500,10
677,2,500,10
1214,2,500,10
1134,2,500,10
1085,2,500,10
1317,2,500,10
427,2,500,10
375,2,500,10
1158,2,500,10
986,2,500,10
936,2,500,10
409,2,500,10
552,2,500,10
614,2,500,10
1216,2,500,10
1135,2,500,10
1118,2,500,10
421,2,500,10
344,2,500,10
474,2,500,10
927,2,500,10
1053,2,500,10
845,2,500,10
1158,2,500,10
1060,2,500,10
920,2,500,10
886,2,500,10
870,2,500,10
1560,2,500,10
637,2,500,10
563,2,500,10
697,2,500,10
782,2,500,10
631,2,500,10
570,2,500,10
554,2,500,10
678,2,500,10
543,2,500,10
510,2,500,10
908,2,500,10
957,2,500,10
943,2,500,10
924,2,500,10
893,2,500,10
782,2,500,10
766,2,500,10
484,2,500,10
558,2,500,10
656,2,500,10
573,2,500,10
526,2,500,10
415,2,500,10
401,2,500,10
351,2,500,10
338,2,500,10
389,2,500,10
371,2,500,10
254,2,500,10
336,2,500,10
289,2,500,10
191,2,500,10
481,2,500,10
769,2,500,10
732,2,500,10
1006,2,500,10
815,2,500,10
799,2,500,10
896,2,500,10
644,2,500,10
500,2,500,10
574,2,500,10
988,2,500,10
1106,2,500,10
947,2,500,10
758,2,500,10
1067,2,500,10
971,2,500,10
619,2,500,10
606,2,500,10
908,2,500,10
682,2,500,10
1077,2,500,10
789,2,500,10
1091,2,500,10
856,2,500,10