58,2,500,10
67,2,500,10
60,2,500,10
49,2,500,10
62,2,500,10
80,2,500,10
65,2,500,10
73,2,500,10
80,2,500,10
65,2,500,10
100,2,500,10
104,2,500,10
627,2,500,10
564,2,500,10
684,2,500,10
623,2,500,10
655,2,500,10
640,2,500,10
621,2,500,10
588,2,500,10
677,2,500,10
661,2,500,10
622,2,500,10
597,2,500,10
634,2,500,10
621,2,500,10
556,2,500,10
507,2,500,10
491,2,500,10
457,2,500,10
697,2,500,10
681,2,500,10
631,2,500,10
603,2,500,10
567,2,500,10
553,2,500,10
473,2,500,10
454,2,500,10
288,2,500,10
257,2,500,10
631,2,500,10
519,2,500,10
475,2,500,10
458,2,500,10
443,2,500,10
396,2,500,10
380,2,500,10
361,2,500,10
345,2,500,10
298,2,500,10
301,2,500,10
138,2,500,10
291,2,500,10
276,2,500,10
260,2,500,10
244,2,500,10
211,2,500,10
97,2,500,10
83,2,500,10
131,2,500,10
491,2,500,10
473,2,500,10
393,2,500,10
252,2,500,10
245,2,500,10
227,2,500,10
213,2,500,10
181,2,500,10
129,2,500,10
135,2,500,10
171,2,500,10
123,2,500,10
84,2,500,10
174,2,500,10
128,2,500,10
110,2,500,10
189,2,500,10
111,2,500,10
95,2,500,10
148,2,500,10
118,2,500,10
155,2,500,10
141,2,500,10
138,2,500,10
125,2,500,10
90,2,500,10
134,2,500,10
119,2,500,10
111,2,500,10
109,2,500,10
94,2,500,10
110,2,500,10
112,2,500,10
129,2,500,10
98,2,500,10
138,2,500,10
154,2,500,10
104,2,500,10
152,2,500,10
138,2,500,10
93,2,500,10
126,2,500,10
107,2,500,10
81,2,500,10
143,2,500,10
127,2,500,10
111,2,500,10
147,2,500,10
135,2,500,10
118,2,500,10
101,2,500,10
198,2,500,10
136,2,500,10
165,2,500,10
137,2,500,10
119,2,500,10
106,2,500,10
235,2,500,10
188,2,500,10
328,2,500,10
296,2,500,10
280,2,500,10
264,2,500,10
230,2,500,10
194,2,500,10
130,2,500,10
113,2,500,10
258,2,500,10
126,2,500,10
229,2,500,10
214,2,500,10
246,2,500,10
458,2,500,10
443,2,500,10
410,2,500,10
345,2,500,10
297,2,500,10
140,2,500,10
193,2,500,10
179,2,500,10
128,2,500,10
143,2,500,10
128,2,500,10
106,2,500,10
217,2,500,10
119,2,500,10
99,2,500,10
169,2,500,10
230,2,500,10
213,2,500,10
180,2,500,10
131,2,500,10
118,2,500,10
169,2,500,10
169,2,500,10
256,2,500,10
237,2,500,10
193,2,500,10
143,2,500,10
157,2,500,10
140,2,500,10
126,2,500,10
123,2,500,10
100,2,500,10
133,2,500,10
141,2,500,10
129,2,500,10
181,2,500,10
165,2,500,10
137,2,500,10
121,2,500,10
111,2,500,10
77,2,500,10
158,2,500,10
119,2,500,10
168,2,500,10
134,2,500,10
136,2,500,10
121,2,500,10
86,2,500,10
203,2,500,10
187,2,500,10
110,2,500,10
179,2,500,10
150,2,500,10
135,2,500,10
146,2,500,10
128,2,500,10
167,2,500,10
123,2,500,10
179,2,500,10
166,2,500,10
170,2,500,10
134,2,500,10
179,2,500,10
139,2,500,10
123,2,500,10
236,2,500,10
190,2,500,10
141,2,500,10
130,2,500,10
168,2,500,10
124,2,500,10
117,2,500,10
97,2,500,10
148,2,500,10
132,2,500,10
127,2,500,10
156,2,500,10
171,2,500,10
156,2,500,10
212,2,500,10
247,2,500,10
217,2,500,10
175,2,500,10
159,2,500,10
146,2,500,10
89,2,500,10
135,2,500,10
105,2,500,10
126,2,500,10
97,2,500,10
47,2,500,10
82,2,500,10
74,2,500,10
58,2,500,10
58,2,500,10
87,2,500,10
102,2,500,10
83,2,500,10
159,2,500,10
144,2,500,10
139,2,500,10
122,2,500,10
82,2,500,10
106,2,500,10
81,2,500,10
87,2,500,10
71,2,500,10
95,2,500,10
78,2,500,10
72,2,500,10
59,2,500,10
57,2,500,10
71,2,500,10
60,2,500,10
61,2,500,10
50,2,500,10
48,2,500,10
47,2,500,10
49,2,500,10
50,2,500,10
96,2,500,10
123,2,500,10
127,2,500,10
149,2,500,10
167,2,500,10
87,2,500,10
162,2,500,10
86,2,500,10
135,2,500,10
118,2,500,10
161,2,500,10
86,2,500,10
77,2,500,10
70,2,500,10
43,2,500,10
102,2,500,10
105,2,500,10
64,2,500,10
120,2,500,10
106,2,500,10
103,2,500,10
76,2,500,10
95,2,500,10
76,2,500,10
58,2,500,10
52,2,500,10
87,2,500,10
52,2,500,10
75,2,500,10
103,2,500,10
109,2,500,10
93,2,500,10
202,2,500,10
186,2,500,10
170,2,500,10
83,2,500,10
236,2,500,10
173,2,500,10
165,2,500,10
118,2,500,10
140,2,500,10
108,2,500,10
135,2,500,10
105,2,500,10
189,2,500,10
173,2,500,10
182,2,500,10
209,2,500,10
183,2,500,10
137,2,500,10
120,2,500,10
154,2,500,10
104,2,500,10
182,2,500,10
200,2,500,10
185,2,500,10
154,2,500,10
105,2,500,10
184,2,500,10
139,2,500,10
109,2,500,10
99,2,500,10
83,2,500,10
61,2,500,10
63,2,500,10
203,2,500,10
109,2,500,10
91,2,500,10
89,2,500,10
107,2,500,10
96,2,500,10
77,2,500,10
67,2,500,10
64,2,500,10
82,2,500,10
81,2,500,10
120,2,500,10
108,2,500,10
92,2,500,10
60,2,500,10
60,2,500,10
107,2,500,10
100,2,500,10
56,2,500,10
53,2,500,10
100,2,500,10
85,2,500,10
114,2,500,10
133,2,500,10
180,2,500,10
167,2,500,10
128,2,500,10
168,2,500,10
98,2,500,10
159,2,500,10
143,2,500,10
134,2,500,10
107,2,500,10
91,2,500,10
90,2,500,10
117,2,500,10
67,2,500,10
99,2,500,10
83,2,500,10
56,2,500,10
94,2,500,10
78,2,500,10
82,2,500,10
64,2,500,10
82,2,500,10
59,2,500,10
116,2,500,10
63,2,500,10
64,2,500,10
86,2,500,10
108,2,500,10
84,2,500,10
173,2,500,10
157,2,500,10
110,2,500,10
85,2,500,10
39,2,500,10
171,2,500,10
157,2,500,10
129,2,500,10
96,2,500,10
82,2,500,10
38,2,500,10
92,2,500,10
87,2,500,10
69,2,500,10
70,2,500,10
89,2,500,10
61,2,500,10
87,2,500,10
69,2,500,10
49,2,500,10
67,2,500,10
53,2,500,10
57,2,500,10
67,2,500,10
55,2,500,10
76,2,500,10
128,2,500,10
44,2,500,10
62,2,500,10
128,2,500,10
107,2,500,10
60,2,500,10
34,2,500,10
56,2,500,10
61,2,500,10
47,2,500,10
74,2,500,10
70,2,500,10
56,2,500,10
58,2,500,10
38,2,500,10
57,2,500,10
36,2,500,10
55,2,500,10
71,2,500,10
78,2,500,10
110,2,500,10
104,2,500,10
90,2,500,10
93,2,500,10
132,2,500,10
179,2,500,10
180,2,500,10
176,2,500,10
160,2,500,10
142,2,500,10
126,2,500,10
62,2,500,10
121,2,500,10
104,2,500,10
70,2,500,10
113,2,500,10
42,2,500,10
73,2,500,10
67,2,500,10
56,2,500,10
37,2,500,10
69,2,500,10
84,2,500,10
68,2,500,10
55,2,500,10
74,2,500,10
68,2,500,10
73,2,500,10
89,2,500,10
61,2,500,10
79,2,500,10
69,2,500,10
57,2,500,10
56,2,500,10
188,2,500,10
155,2,500,10
140,2,500,10
107,2,500,10
74,2,500,10
151,2,500,10
122,2,500,10
79,2,500,10
58,2,500,10
79,2,500,10
100,2,500,10
108,2,500,10
141,2,500,10
137,2,500,10
135,2,500,10
134,2,500,10
106,2,500,10
151,2,500,10
146,2,500,10
156,2,500,10
125,2,500,10
107,2,500,10
180,2,500,10
167,2,500,10
81,2,500,10
262,2,500,10
77,2,500,10
238,2,500,10
110,2,500,10
152,2,500,10
135,2,500,10
84,2,500,10
51,2,500,10
72,2,500,10
91,2,500,10
60,2,500,10
72,2,500,10
90,2,500,10
42,2,500,10
107,2,500,10
92,2,500,10
96,2,500,10
47,2,500,10
78,2,500,10
75,2,500,10
75,2,500,10
76,2,500,10
69,2,500,10
63,2,500,10
50,2,500,10
40,2,500,10