982,2,500,10
967,2,500,10
964,2,500,10
919,2,500,10
870,2,500,10
839,2,500,10
791,2,500,10
759,2,500,10
1048,2,500,10
1031,2,500,10
986,2,500,10
964,2,500,10
936,2,500,10
923,2,500,10
887,2,500,10
1031,2,500,10
874,2,500,10
855,2,500,10
826,2,500,10
792,2,500,10
777,2,500,10
762,2,500,10
764,2,500,10
620,2,500,10
584,2,500,10
569,2,500,10
762,2,500,10
744,2,500,10
697,2,500,10
664,2,500,10
649,2,500,10
570,2,500,10
552,2,500,10
536,2,500,10
122,2,500,10
522,2,500,10
491,2,500,10
474,2,500,10
395,2,500,10
346,2,500,10
330,2,500,10
251,2,500,10
237,2,500,10
221,2,500,10
201,2,500,10
187,2,500,10
170,2,500,10
452,2,500,10
437,2,500,10
420,2,500,10
388,2,500,10
372,2,500,10
167,2,500,10
116,2,500,10
100,2,500,10
81,2,500,10
68,2,500,10
147,2,500,10
777,2,500,10
760,2,500,10
731,2,500,10
667,2,500,10
569,2,500,10
539,2,500,10
490,2,500,10
345,2,500,10
328,2,500,10
313,2,500,10
297,2,500,10
116,2,500,10
107,2,500,10
167,2,500,10
153,2,500,10
137,2,500,10
105,2,500,10
102,2,500,10
119,2,500,10
118,2,500,10
103,2,500,10
133,2,500,10
118,2,500,10
88,2,500,10
106,2,500,10
173,2,500,10
140,2,500,10
118,2,500,10
134,2,500,10
127,2,500,10
117,2,500,10
108,2,500,10
94,2,500,10
110,2,500,10
94,2,500,10
138,2,500,10
123,2,500,10
137,2,500,10
168,2,500,10
122,2,500,10
150,2,500,10
122,2,500,10
89,2,500,10
138,2,500,10
123,2,500,10
123,2,500,10
94,2,500,10
129,2,500,10
114,2,500,10
130,2,500,10
135,2,500,10
133,2,500,10
125,2,500,10
183,2,500,10
167,2,500,10
152,2,500,10
136,2,500,10
173,2,500,10
251,2,500,10
215,2,500,10
201,2,500,10
342,2,500,10
310,2,500,10
243,2,500,10
225,2,500,10
212,2,500,10
164,2,500,10
117,2,500,10
155,2,500,10
261,2,500,10
243,2,500,10
214,2,500,10
198,2,500,10
475,2,500,10
458,2,500,10
428,2,500,10
395,2,500,10
379,2,500,10
363,2,500,10
131,2,500,10
170,2,500,10
155,2,500,10
125,2,500,10
167,2,500,10
135,2,500,10
133,2,500,10
173,2,500,10
138,2,500,10
169,2,500,10
182,2,500,10
178,2,500,10
174,2,500,10
167,2,500,10
215,2,500,10
200,2,500,10
185,2,500,10
169,2,500,10
105,2,500,10
199,2,500,10
152,2,500,10
185,2,500,10
171,2,500,10
151,2,500,10
140,2,500,10
161,2,500,10
130,2,500,10
99,2,500,10
155,2,500,10
197,2,500,10
165,2,500,10
157,2,500,10
97,2,500,10
189,2,500,10
173,2,500,10
163,2,500,10
119,2,500,10
168,2,500,10
150,2,500,10
165,2,500,10
151,2,500,10
155,2,500,10
140,2,500,10
89,2,500,10
128,2,500,10
85,2,500,10
109,2,500,10
171,2,500,10
143,2,500,10
151,2,500,10
134,2,500,10
191,2,500,10
181,2,500,10
189,2,500,10
215,2,500,10
167,2,500,10
207,2,500,10
222,2,500,10
190,2,500,10
206,2,500,10
174,2,500,10
126,2,500,10
174,2,500,10
158,2,500,10
115,2,500,10
100,2,500,10
163,2,500,10
146,2,500,10
100,2,500,10
126,2,500,10
115,2,500,10
184,2,500,10
150,2,500,10
218,2,500,10
157,2,500,10
141,2,500,10
110,2,500,10
178,2,500,10
216,2,500,10
152,2,500,10
119,2,500,10
100,2,500,10
122,2,500,10
91,2,500,10
79,2,500,10
66,2,500,10
63,2,500,10
47,2,500,10
86,2,500,10
68,2,500,10
56,2,500,10
93,2,500,10
92,2,500,10
157,2,500,10
144,2,500,10
128,2,500,10
93,2,500,10
86,2,500,10
123,2,500,10
76,2,500,10
87,2,500,10
86,2,500,10
57,2,500,10
92,2,500,10
79,2,500,10
53,2,500,10
65,2,500,10
72,2,500,10
59,2,500,10
66,2,500,10
54,2,500,10
76,2,500,10
73,2,500,10
82,2,500,10
68,2,500,10
96,2,500,10
104,2,500,10
89,2,500,10
124,2,500,10
149,2,500,10
168,2,500,10
105,2,500,10
122,2,500,10
162,2,500,10
148,2,500,10
99,2,500,10
84,2,500,10
79,2,500,10
58,2,500,10
41,2,500,10
119,2,500,10
43,2,500,10
113,2,500,10
67,2,500,10
100,2,500,10
76,2,500,10
59,2,500,10
61,2,500,10
88,2,500,10
70,2,500,10
72,2,500,10
65,2,500,10
66,2,500,10
56,2,500,10
75,2,500,10
204,2,500,10
110,2,500,10
170,2,500,10
151,2,500,10
138,2,500,10
223,2,500,10
206,2,500,10
133,2,500,10
124,2,500,10
114,2,500,10
117,2,500,10
123,2,500,10
100,2,500,10
166,2,500,10
135,2,500,10
154,2,500,10
187,2,500,10
165,2,500,10
196,2,500,10
136,2,500,10
120,2,500,10
184,2,500,10
166,2,500,10
119,2,500,10
169,2,500,10
152,2,500,10
139,2,500,10
89,2,500,10
75,2,500,10
109,2,500,10
59,2,500,10
79,2,500,10
64,2,500,10
268,2,500,10
253,2,500,10
238,2,500,10
173,2,500,10
67,2,500,10
101,2,500,10
120,2,500,10
96,2,500,10
79,2,500,10
99,2,500,10
79,2,500,10
84,2,500,10
95,2,500,10
102,2,500,10
89,2,500,10
85,2,500,10
63,2,500,10
121,2,500,10
63,2,500,10
95,2,500,10
58,2,500,10
52,2,500,10
71,2,500,10
76,2,500,10
132,2,500,10
181,2,500,10
166,2,500,10
147,2,500,10
169,2,500,10
136,2,500,10
137,2,500,10
102,2,500,10
142,2,500,10
134,2,500,10
107,2,500,10
93,2,500,10
78,2,500,10
81,2,500,10
58,2,500,10
165,2,500,10
164,2,500,10
93,2,500,10
131,2,500,10
77,2,500,10
81,2,500,10
79,2,500,10
65,2,500,10
146,2,500,10
130,2,500,10
61,2,500,10
67,2,500,10
116,2,500,10
102,2,500,10
125,2,500,10
142,2,500,10
135,2,500,10
111,2,500,10
53,2,500,10
44,2,500,10
187,2,500,10
160,2,500,10
130,2,500,10
114,2,500,10
96,2,500,10
59,2,500,10
42,2,500,10
75,2,500,10
71,2,500,10
70,2,500,10
89,2,500,10
61,2,500,10
59,2,500,10
87,2,500,10
70,2,500,10
55,2,500,10
40,2,500,10
57,2,500,10
53,2,500,10
52,2,500,10
44,2,500,10
72,2,500,10
128,2,500,10
63,2,500,10
83,2,500,10
65,2,500,10
58,2,500,10
56,2,500,10
50,2,500,10
72,2,500,10
57,2,500,10
66,2,500,10
70,2,500,10
65,2,500,10
60,2,500,10
66,2,500,10
65,2,500,10
54,2,500,10
51,2,500,10
98,2,500,10
91,2,500,10
93,2,500,10
74,2,500,10
92,2,500,10
74,2,500,10
130,2,500,10
163,2,500,10
192,2,500,10
160,2,500,10
131,2,500,10
158,2,500,10
109,2,500,10
93,2,500,10
47,2,500,10
159,2,500,10
114,2,500,10
95,2,500,10
68,2,500,10
40,2,500,10
66,2,500,10
37,2,500,10
56,2,500,10
53,2,500,10
48,2,500,10
69,2,500,10
86,2,500,10
59,2,500,10
72,2,500,10
63,2,500,10
52,2,500,10
78,2,500,10
60,2,500,10
47,2,500,10
72,2,500,10
132,2,500,10
74,2,500,10
45,2,500,10
56,2,500,10
154,2,500,10
139,2,500,10
74,2,500,10
135,2,500,10
80,2,500,10
76,2,500,10
132,2,500,10
98,2,500,10
123,2,500,10
165,2,500,10
156,2,500,10
116,2,500,10
117,2,500,10
119,2,500,10
157,2,500,10
137,2,500,10
123,2,500,10
149,2,500,10
196,2,500,10
150,2,500,10
119,2,500,10
207,2,500,10
177,2,500,10
151,2,500,10
135,2,500,10
87,2,500,10
119,2,500,10
104,2,500,10
94,2,500,10
91,2,500,10
47,2,500,10
84,2,500,10
81,2,500,10
106,2,500,10
90,2,500,10
85,2,500,10
88,2,500,10
60,2,500,10
93,2,500,10
38,2,500,10
78,2,500,10
62,2,500,10
73,2,500,10
57,2,500,10
73,2,500,10
73,2,500,10
59,2,500,10
49,2,500,10